Image,corner_0_x,corner_0_y,corner_1_x,corner_1_y,corner_2_x,corner_2_y,corner_3_x,corner_3_y,area,angle_from_180
{1},303.0000000000004,135.99999999999963,302.9999999999996,168.9999999999996,269.99999999999966,169.00000000000037,270.0000000000004,136.00000000000037,1089.0000000000073,270.00000000000136
{2},303.0000000000004,135.99999999999963,302.9999999999996,168.9999999999996,269.99999999999966,169.00000000000037,270.0000000000004,136.00000000000037,1089.0000000000073,270.00000000000136
{3},294.9999999999997,108.421180725098,295.00000000000034,144.42065429687534,260.00000000000034,142.80642700195278,259.9999999999997,106.935134887695,1257.738399505597,269.999999999999
{4},294.9999999999997,108.421180725098,295.00000000000034,144.42065429687534,260.00000000000034,142.80642700195278,259.9999999999997,106.935134887695,1257.738399505597,269.999999999999
{5},293.0000000000002,94.3757400512693,292.9999999999998,131.6310882568357,256.9999999999998,130.30706787109398,257.0000000000002,92.68715667724632,1347.7546691894531,270.0000000000007
{6},297.2754211425786,99.36100769042923,295.60418701171824,136.2775878906244,260.7279663085931,134.4861145019538,261.13339233398483,97.46955871582082,1314.562519197818,272.59204206163196
{7},297.2754211425786,99.36100769042923,295.60418701171824,136.2775878906244,260.7279663085931,134.4861145019538,261.13339233398483,97.46955871582082,1314.562519197818,272.59204206163196
{8},297.2754211425786,99.36100769042923,295.60418701171824,136.2775878906244,260.7279663085931,134.4861145019538,261.13339233398483,97.46955871582082,1314.562519197818,272.59204206163196
{9},299.3375244140616,95.92291259765703,297.20211791992267,133.16586303711037,261.5874938964853,130.42379760742105,262.95361328124926,92.66638946533114,1355.2300417878414,273.2815865789315
{10},301.4096374511715,87.50331878662142,298.5700683593754,125.77022552490288,262.14318847656284,121.95893096923795,264.4193725585934,83.19808197021446,1424.1700164540707,274.2438155022078
{11},301.4096374511715,87.50331878662142,298.5700683593754,125.77022552490288,262.14318847656284,121.95893096923795,264.4193725585934,83.19808197021446,1424.1700164540707,274.2438155022078
{12},305.46325683593784,87.45989227294893,301.5950622558591,125.81693267822224,265.0302734374996,121.10475158691439,268.3794860839847,82.11481475830122,1442.2701978338955,275.75864127623925
{13},305.46325683593784,87.45989227294893,301.5950622558591,125.81693267822224,265.0302734374996,121.10475158691439,268.3794860839847,82.11481475830122,1442.2701978338955,275.75864127623925
{14},310.69433593750006,91.45326232910149,305.7541198730468,129.64102172851554,269.43634033203114,124.08548736572274,273.6122436523439,85.46517944335959,1435.7338224010273,277.3712145380865
{15},310.69433593750006,91.45326232910149,305.7541198730468,129.64102172851554,269.43634033203114,124.08548736572274,273.6122436523439,85.46517944335959,1435.7338224010273,277.3712145380865
{16},315.93780517578176,93.63737487792932,309.9525451660152,131.69856262206977,273.4647827148432,125.13141632080116,278.996002197266,86.53245544433658,1446.6438659094238,278.9367839718067
{17},321.489196777344,96.52848815917956,314.3801269531248,134.4846649169919,277.99725341796847,126.89997863769548,284.4612121582033,88.46587371826196,1455.064348051792,280.60840685746626
{18},321.489196777344,96.52848815917956,314.3801269531248,134.4846649169919,277.99725341796847,126.89997863769548,284.4612121582033,88.46587371826196,1455.064348051792,280.60840685746626
{19},326.07849121093744,100.26362609863286,318.0396423339844,138.02069091796872,281.5381774902345,129.63619995117182,289.2468566894531,91.390754699707,1461.3151053510228,282.0193624424177
{20},326.07849121093744,100.26362609863286,318.0396423339844,138.02069091796872,281.5381774902345,129.63619995117182,289.2468566894531,91.390754699707,1461.3151053510228,282.0193624424177
{21},331.83520507812455,104.81867980957063,322.8529357910159,142.364379882813,286.4780578613286,133.02525329589812,295.2348937988278,95.19973754882754,1459.1319783856143,283.4543162527954
{22},331.83520507812455,104.81867980957063,322.8529357910159,142.364379882813,286.4780578613286,133.02525329589812,295.2348937988278,95.19973754882754,1459.1319783856143,283.4543162527954
{23},337.6983337402344,109.91175842285158,327.52233886718756,147.27925109863298,291.3592834472657,136.99295043945307,301.17315673828114,99.44720458984354,1465.0294347498784,285.23351010092074
{24},337.6983337402344,109.91175842285158,327.52233886718756,147.27925109863298,291.3592834472657,136.99295043945307,301.17315673828114,99.44720458984354,1465.0294347498784,285.23351010092074
{25},342.64413452148284,115.06325531005945,331.2390136718758,152.11909484863446,295.2162475585954,140.654998779296,306.2307434082023,103.34375762939284,1476.6582087040988,287.1074240162891
{26},342.64413452148284,115.06325531005945,331.2390136718758,152.11909484863446,295.2162475585954,140.654998779296,306.2307434082023,103.34375762939284,1476.6582087040988,287.1074240162891
{27},347.03320312500085,119.6827926635738,334.6203613281246,156.53909301757733,298.93286132812426,144.11759948730506,310.7639770507817,107.05882263183682,1481.4720295427542,288.6130224979231
{28},351.807647705079,124.44868469238239,338.2202148437496,161.13218688964764,302.2920837402335,147.56179809570355,315.72378540039097,110.8980636596687,1503.6667334530612,290.3244424096096
{29},351.807647705079,124.44868469238239,338.2202148437496,161.13218688964764,302.2920837402335,147.56179809570355,315.72378540039097,110.8980636596687,1503.6667334530612,290.3244424096096
{30},355.02078247070233,128.39569091796912,340.7436828613285,164.91613769531338,304.96490478515716,150.59858703613241,319.06222534179653,114.00619506835855,1514.8665050547716,291.3522390226026
{31},358.92968750000085,133.3171234130856,343.60043334960903,169.49029541015543,307.98184204101466,154.2689056396488,323.1261291503909,117.95365905761793,1527.3268735937309,292.9659737850416
{32},358.92968750000085,133.3171234130856,343.60043334960903,169.49029541015543,307.98184204101466,154.2689056396488,323.1261291503909,117.95365905761793,1527.3268735937309,292.9659737850416
{33},362.13208007812557,137.28828430175764,345.9493103027343,173.23704528808565,310.3264160156246,157.28680419921886,326.3554687500001,121.12294006347685,1545.826829171965,294.23546851298124
{34},362.13208007812557,137.28828430175764,345.9493103027343,173.23704528808565,310.3264160156246,157.28680419921886,326.3554687500001,121.12294006347685,1545.826829171965,294.23546851298124
{35},365.3018798828115,141.578521728516,348.36541748046903,177.5399627685556,312.8545532226573,160.58706665039026,329.6359558105466,124.60891723632719,1566.0558245037682,295.21864085920936
{36},368.20166015624875,145.58677673339886,350.130737304688,181.76724243164205,314.7922363281264,163.42544555664017,332.586791992187,127.79834747314298,1597.704107328318,296.540582336876
{37},368.20166015624875,145.58677673339886,350.130737304688,181.76724243164205,314.7922363281264,163.42544555664017,332.586791992187,127.79834747314298,1597.704107328318,296.540582336876
{38},368.20166015624875,145.58677673339886,350.130737304688,181.76724243164205,314.7922363281264,163.42544555664017,332.586791992187,127.79834747314298,1597.704107328318,296.540582336876
{39},370.73242187500045,150.02265930175764,351.7531738281249,185.52824401855437,316.4996337890623,166.55969238281259,335.3721618652345,130.97100830078168,1614.842169984022,298.1264027391276
{40},373.28176879882665,153.86994934082074,353.431274414063,189.31484985351742,318.1081237792985,169.49714660644486,338.01684570312466,134.28179931640494,1638.6291564395615,299.2504876969727
{41},375.3582763671844,157.46871948242267,354.5384216308601,192.61813354492483,319.3635864257842,171.84498596191332,340.2546386718742,136.69409179687187,1668.3984240528553,300.63929295855473
{42},375.3582763671844,157.46871948242267,354.5384216308601,192.61813354492483,319.3635864257842,171.84498596191332,340.2546386718742,136.69409179687187,1668.3984240528553,300.63929295855473
{43},377.09335327148506,160.53569030761702,355.265441894531,195.54464721679594,320.27209472656176,173.94683837890645,342.003601074219,138.88356018066506,1698.7053934277355,301.9433351730294
{44},377.09335327148506,160.53569030761702,355.265441894531,195.54464721679594,320.27209472656176,173.94683837890645,342.003601074219,138.88356018066506,1698.7053934277355,301.9433351730294
{45},379.0973815917979,164.2973937988279,356.48385620117165,199.14888000488168,321.5812377929678,176.7798309326174,344.0798339843753,141.8163909912121,1726.1880549911693,302.9776835604133
{46},379.0973815917979,164.2973937988279,356.48385620117165,199.14888000488168,321.5812377929678,176.7798309326174,344.0798339843753,141.8163909912121,1726.1880549911693,302.9776835604133
{47},381.2337646484355,168.534332275391,357.66131591796903,203.36616516113446,322.7409973144551,179.73384094238244,346.3831176757809,145.22659301757628,1763.527372625871,304.08818353573713
{48},381.2337646484355,168.534332275391,357.66131591796903,203.36616516113446,322.7409973144551,179.73384094238244,346.3831176757809,145.22659301757628,1763.527372625871,304.08818353573713
{49},382.8637695312503,172.29357910156247,357.9424438476562,206.81523132324202,323.45401000976534,182.03247070312503,348.20635986328136,147.62722778320332,1805.5818617090263,305.8256760225894
{50},382.8637695312503,172.29357910156247,357.9424438476562,206.81523132324202,323.45401000976534,182.03247070312503,348.20635986328136,147.62722778320332,1805.5818617090263,305.8256760225894
{51},384.348754882813,175.74079895019523,358.81134033203125,210.41279602050759,324.2167663574216,184.38177490234378,349.8730773925782,150.13444519043006,1850.9462077787648,306.37324083666635
{52},385.93582153320267,178.94952392578134,359.1243286132813,213.23803710937557,324.7028503417973,186.51673889160145,351.5241088867187,152.36183166503835,1892.571715336755,308.02320464075507
{53},385.93582153320267,178.94952392578134,359.1243286132813,213.23803710937557,324.7028503417973,186.51673889160145,351.5241088867187,152.36183166503835,1892.571715336755,308.02320464075507
{54},387.2508544921895,182.1723480224607,359.432189941406,216.40509033202923,325.22442626952903,188.54832458496116,352.93301391601585,154.76380920410358,1932.4135467238011,309.09845725845315
{55},387.2508544921895,182.1723480224607,359.432189941406,216.40509033202923,325.22442626952903,188.54832458496116,352.93301391601585,154.76380920410358,1932.4135467238011,309.09845725845315
{56},388.38769531249727,186.1059265136721,359.80099487304716,219.98835754394807,325.5675964355496,191.1705474853513,354.50222778320284,157.43968200683312,1978.0751143954585,310.15441838541335
{57},389.5539855957054,189.09587097167957,359.83328247070295,222.91184997558364,325.9342041015601,192.9545898437501,355.6540527343751,159.46673583984605,2026.2453854205196,311.3120848531037
{58},389.5539855957054,189.09587097167957,359.83328247070295,222.91184997558364,325.9342041015601,192.9545898437501,355.6540527343751,159.46673583984605,2026.2453854205196,311.3120848531037
{59},390.37713623047034,191.4556121826171,359.84240722656244,224.9759979248029,325.9809265136702,194.42189025878912,356.61605834960943,160.90031433105642,2067.900703195017,312.3313324218069
{60},390.37713623047034,191.4556121826171,359.84240722656244,224.9759979248029,325.9809265136702,194.42189025878912,356.61605834960943,160.90031433105642,2067.900703195017,312.3313324218069
{61},391.06427001953386,194.1465606689452,359.6622619628905,227.87457275390386,326.3591918945287,196.16119384765634,357.39981079101574,163.00987243652577,2100.8167553935345,312.95465136052985
{62},391.06427001953386,194.1465606689452,359.6622619628905,227.87457275390386,326.3591918945287,196.16119384765634,357.39981079101574,163.00987243652577,2100.8167553935345,312.95465136052985
{63},392.1069641113254,197.30268859863284,359.1544189453125,230.55119323730744,326.5077819824246,198.0793762207031,358.12438964843744,164.97453308105182,2151.287642000254,314.7438542776821
{64},392.7115478515606,200.20335388183588,358.89627075195307,232.40473937988463,325.9916687011734,199.5001373291016,359.0,166.49180603027193,2198.8879458289666,316.4004155791996
{65},392.7115478515606,200.20335388183588,358.89627075195307,232.40473937988463,325.9916687011734,199.5001373291016,359.0,166.49180603027193,2198.8879458289666,316.4004155791996
{66},393.27145385742097,202.07348632812497,359.00018310546875,234.86372375488375,325.8646850585947,200.503646850586,360.1800842285157,167.93467712402253,2256.6615137674453,316.26515447262165
{67},393.27145385742097,202.07348632812497,359.00018310546875,234.86372375488375,325.8646850585947,200.503646850586,360.1800842285157,167.93467712402253,2256.6615137674453,316.26515447262165
{68},393.8332519531239,204.87191772460935,358.57177734374994,237.5208892822275,325.8839111328139,202.18742370605472,360.8452453613282,169.91712951660008,2299.867012171788,317.20307230468006
{69},394.273864746093,207.54260253906247,358.12927246093744,239.85980224609452,325.5852050781257,203.64680480957034,361.7124328613281,171.6058959960928,2351.1143027839935,318.1998199347406
{70},394.273864746093,207.54260253906247,358.12927246093744,239.85980224609452,325.5852050781257,203.64680480957034,361.7124328613281,171.6058959960928,2351.1143027839935,318.1998199347406
{71},394.5782470703138,209.70053100585946,357.6982421875001,241.91865539550636,325.3774414062481,204.7171478271483,362.39019775390614,172.8236541748066,2402.4057821384486,318.85975576623133
{72},394.5782470703138,209.70053100585946,357.6982421875001,241.91865539550636,325.3774414062481,204.7171478271483,362.39019775390614,172.8236541748066,2402.4057821384486,318.85975576623133
{73},394.94500732421784,212.23451232910148,357.1165771484374,244.12551879882938,325.0518798828137,206.08331298828136,363.01617431640636,174.50880432128827,2451.0097476206793,319.8676593976691
{74},395.23779296875074,214.39857482910162,356.63934326171886,245.99034118652278,324.80654907226517,207.17768859863276,363.4960937499999,175.67266845703205,2501.0364867152966,320.7006210509328
{75},395.23779296875074,214.39857482910162,356.63934326171886,245.99034118652278,324.80654907226517,207.17768859863276,363.4960937499999,175.67266845703205,2501.0364867152966,320.7006210509328
{76},395.5797424316388,216.57539367675759,355.96527099609364,247.92338562011875,324.4868774414082,208.08445739746116,364.14105224609403,176.98469543456818,2556.327380786199,321.6444880089707
{77},395.5797424316388,216.57539367675759,355.96527099609364,247.92338562011875,324.4868774414082,208.08445739746116,364.14105224609403,176.98469543456818,2556.327380786199,321.6444880089707
{78},395.6705322265704,219.04899597168074,355.2485961914073,250.18412780760931,324.0298156738207,209.45907592773335,364.572753906249,178.6130523681719,2608.4105279473733,322.39461693159103
{79},395.6705322265704,219.04899597168074,355.2485961914073,250.18412780760931,324.0298156738207,209.45907592773335,364.572753906249,178.6130523681719,2608.4105279473733,322.39461693159103
{80},395.79748535155795,221.19419860839776,354.55947875976494,251.85408020020017,323.571105957036,210.25903320312574,365.1373901367195,179.72702026366704,2662.5738030683933,323.3697130577703
{81},396.0473632812509,222.78924560546892,353.84176635742193,253.38320922851506,323.2970886230462,210.911651611328,365.440216064453,180.65852355957094,2714.2512667144547,324.0624212896688
{82},396.0473632812509,222.78924560546892,353.84176635742193,253.38320922851506,323.2970886230462,210.911651611328,365.440216064453,180.65852355957094,2714.2512667144547,324.0624212896688
{83},396.1998291015668,224.99133300781324,353.09939575195403,255.13636779784642,322.79882812499557,211.77973937988202,365.974548339843,181.77619934082477,2777.40554022204,325.0305302269348
{84},396.1998291015668,224.99133300781324,353.09939575195403,255.13636779784642,322.79882812499557,211.77973937988202,365.974548339843,181.77619934082477,2777.40554022204,325.0305302269348
{85},396.1119384765693,226.903976440431,352.34689331054824,256.8348388671799,322.2240600585865,212.55580139160017,366.32379150390483,183.09339904785892,2824.570760827497,325.6318219769365
{86},396.1119384765693,226.903976440431,352.34689331054824,256.8348388671799,322.2240600585865,212.55580139160017,366.32379150390483,183.09339904785892,2824.570760827497,325.6318219769365
{87},396.2197875976588,228.85499572753957,351.43685913085994,258.66323852538767,321.76785278320034,213.47610473632753,366.5101928710933,184.22604370117458,2886.902166644373,326.3516207012243
{88},396.26663208007955,230.66949462890653,350.5079345703127,259.93646240234267,321.3152465820302,213.9572143554685,366.92614746093733,185.07939147949313,2942.5134777051935,327.39728089310347
{89},396.26663208007955,230.66949462890653,350.5079345703127,259.93646240234267,321.3152465820302,213.9572143554685,366.92614746093733,185.07939147949313,2942.5134777051935,327.39728089310347
{90},396.17111206054625,232.36938476562486,349.7167358398436,261.2814636230476,320.84304809570426,214.48951721191432,367.357116699219,185.84664916992088,2998.8831008318593,328.10286583101026
{91},396.17111206054625,232.36938476562486,349.7167358398436,261.2814636230476,320.84304809570426,214.48951721191432,367.357116699219,185.84664916992088,2998.8831008318593,328.10286583101026
{92},396.056762695307,234.1428375244127,348.92935180663915,262.5995788574278,320.1454772949278,215.1439819335952,367.5558776855483,186.93193054198656,3048.955561090508,328.87534207042455
{93},396.04934692382164,235.74343872070142,348.02514648437335,263.98220825195966,319.75625610352205,215.75122070312668,367.7734375000016,187.70951843261076,3106.945695477538,329.5439933840029
{94},396.04934692382164,235.74343872070142,348.02514648437335,263.98220825195966,319.75625610352205,215.75122070312668,367.7734375000016,187.70951843261076,3106.945695477538,329.5439933840029
{95},396.04934692382164,235.74343872070142,348.02514648437335,263.98220825195966,319.75625610352205,215.75122070312668,367.7734375000016,187.70951843261076,3106.945695477538,329.5439933840029
{96},395.9959716796874,237.24288940429682,347.24401855468744,265.18194580078136,319.2488098144533,216.16853332519537,368.07452392578136,188.40844726562474,3165.5688032680264,330.18358661210016
{97},395.9959716796874,237.24288940429682,347.24401855468744,265.18194580078136,319.2488098144533,216.16853332519537,368.07452392578136,188.40844726562474,3165.5688032680264,330.18358661210016
{98},395.78906249999704,239.34619140624918,345.98791503906165,266.775146484378,318.5773925781281,216.84243774414156,368.23391723632903,189.53805541991866,3232.11166720419,331.155365899448
{99},395.7270202636697,240.64143371581966,345.08911132812426,267.7236938476585,318.1748962402362,216.90650939941466,368.7122192382819,189.99377441406037,3294.4065153058473,331.8611551930861
{100},395.7270202636697,240.64143371581966,345.08911132812426,267.7236938476585,318.1748962402362,216.90650939941466,368.7122192382819,189.99377441406037,3294.4065153058473,331.8611551930861
{101},395.6299438476625,242.14274597168162,344.19406127929864,268.9866333007757,317.5706481933539,217.24485778808415,368.9950561523419,190.79437255859958,3360.5625981716657,332.44038146782486
{102},395.6299438476625,242.14274597168162,344.19406127929864,268.9866333007757,317.5706481933539,217.24485778808415,368.9950561523419,190.79437255859958,3360.5625981716657,332.44038146782486
{103},395.6299438476625,242.14274597168162,344.19406127929864,268.9866333007757,317.5706481933539,217.24485778808415,368.9950561523419,190.79437255859958,3360.5625981716657,332.44038146782486
{104},395.27600097656403,243.65757751464892,343.236480712891,270.4761352539048,316.72979736327983,217.48236083984327,368.9208068847652,192.20489501953273,3410.100787604242,332.7356929179023
{105},395.1737060546851,245.40261840820227,342.08444213867136,271.28018188476705,316.3132629394552,217.81690979003977,369.4534912109384,192.34510803222412,3489.924757104338,334.01377722829477
{106},395.1737060546851,245.40261840820227,342.08444213867136,271.28018188476705,316.3132629394552,217.81690979003977,369.4534912109384,192.34510803222412,3489.924757104338,334.01377722829477
{107},395.13244628906233,246.51495361328116,341.36083984374966,272.08401489257903,315.8263854980478,217.96778869628938,369.636383056641,192.822998046874,3546.5328077695376,334.56833664685786
{108},395.13244628906233,246.51495361328116,341.36083984374966,272.08401489257903,315.8263854980478,217.96778869628938,369.636383056641,192.822998046874,3546.5328077695376,334.56833664685786
{109},394.86849975585665,247.7424621582021,340.46728515624886,272.88159179687796,315.3417968750026,218.24308776855568,369.79623413086046,193.36378479003608,3594.4873289135867,335.1980563573158
{110},394.86849975585665,247.7424621582021,340.46728515624886,272.88159179687796,315.3417968750026,218.24308776855568,369.79623413086046,193.36378479003608,3594.4873289135867,335.1980563573158
{111},394.53790283203244,249.1509399414067,339.48965454101614,273.9772033691393,314.6781005859365,218.59942626953082,369.8549194335934,194.05380249023528,3655.1858972702103,335.72505477070604
{112},394.3841857910209,250.57929992675992,338.3751525878926,274.84478759765113,314.1373901367134,218.59355163574003,370.09088134765403,194.59457397461492,3727.136905399144,336.5756940148509
{113},394.3841857910209,250.57929992675992,338.3751525878926,274.84478759765113,314.1373901367134,218.59355163574003,370.09088134765403,194.59457397461492,3727.136905399144,336.5756940148509
{114},394.25961303710545,251.52229309081878,337.69665527343585,275.42651367187915,313.71212768555046,218.68508911132957,370.3638916015643,194.9235382080034,3778.506469843036,337.0904664459093
{115},394.25961303710545,251.52229309081878,337.69665527343585,275.42651367187915,313.71212768555046,218.68508911132957,370.3638916015643,194.9235382080034,3778.506469843036,337.0904664459093
{116},393.8857727050831,252.84817504883023,336.6485595703146,276.3356628417919,313.14627075194824,218.8614349365213,370.4422912597636,195.54954528809097,3835.5848361838,337.68903619835964
{117},393.7400817871105,253.7560577392583,335.9467468261725,277.0931091308581,312.77883911132693,218.82659912109318,370.5727233886713,196.0261840820326,3886.372803655453,338.0110561613784
{118},393.7400817871105,253.7560577392583,335.9467468261725,277.0931091308581,312.77883911132693,218.82659912109318,370.5727233886713,196.0261840820326,3886.372803655453,338.0110561613784
{119},393.59344482421596,254.6556396484363,335.10092163085807,277.4762878417998,312.3498535156275,218.84051513671983,370.7515258789075,196.22409057616917,3939.0255688177494,338.6869353200803
{120},393.59344482421596,254.6556396484363,335.10092163085807,277.4762878417998,312.3498535156275,218.84051513671983,370.7515258789075,196.22409057616917,3939.0255688177494,338.6869353200803
{121},393.29949951171324,255.5486297607397,334.31289672851346,278.0248718261765,311.87847900391114,218.86668395996315,370.83892822265824,196.57687377929244,3985.7125134402304,339.141169186678
{122},393.29949951171324,255.5486297607397,334.31289672851346,278.0248718261765,311.87847900391114,218.86668395996315,370.83892822265824,196.57687377929244,3985.7125134402304,339.141169186678
{123},393.0417480468739,256.5461730957026,333.46133422851494,278.6549377441423,311.38662719726716,218.91159057617256,371.02752685546926,196.90954589843642,4044.3589132116394,339.6414006378061
{124},392.8157348632836,257.52120971679796,332.5943603515641,279.1990051269497,310.95751953124653,218.73918151855304,371.3002319335925,197.16868591308855,4107.9738685479315,340.2027234661332
{125},392.8157348632836,257.52120971679796,332.5943603515641,279.1990051269497,310.95751953124653,218.73918151855304,371.3002319335925,197.16868591308855,4107.9738685479315,340.2027234661332
{126},392.70065307616676,258.17590332031006,331.91406249999744,279.6455383300834,310.5877990722709,218.5746917724635,371.4515686035182,197.4166564941354,4158.890656189302,340.5469376037347
{127},392.70065307616676,258.17590332031006,331.91406249999744,279.6455383300834,310.5877990722709,218.5746917724635,371.4515686035182,197.4166564941354,4158.890656189302,340.5469376037347
{128},392.35861206055165,259.2091979980492,331.02551269531494,280.206024169917,310.0429992675733,218.54974365234133,371.55569458007574,197.88168334961426,4212.256821183932,341.1018289492579
{129},392.35861206055165,259.2091979980492,331.02551269531494,280.206024169917,310.0429992675733,218.54974365234133,371.55569458007574,197.88168334961426,4212.256821183932,341.1018289492579
{130},392.2257995605487,260.1105957031259,330.1293029785168,280.7746887207009,309.8070373535136,218.58673095703017,371.473419189452,197.98706054687727,4270.0106648662695,341.59390414012444
{131},392.2257995605487,260.1105957031259,330.1293029785168,280.7746887207009,309.8070373535136,218.58673095703017,371.473419189452,197.98706054687727,4270.0106648662695,341.59390414012444
{132},392.0188903808598,260.8929138183596,329.3897399902344,281.04815673828125,309.2736816406252,218.32798767089855,371.81170654296875,198.36940002441395,4323.479428009618,342.160844562262
{133},391.74887084960574,261.64001464843557,328.7252502441384,281.42791748047307,308.83642578125335,218.25659179687676,372.05056762695506,198.46925354003537,4378.953115551085,342.56896431280893
{134},391.74887084960574,261.64001464843557,328.7252502441384,281.42791748047307,308.83642578125335,218.25659179687676,372.05056762695506,198.46925354003537,4378.953115551085,342.56896431280893
{135},391.50918579101193,262.4151611328105,327.9628295898417,281.8430175781288,308.46719360351955,218.16352844238486,372.1917419433617,198.7045898437457,4430.591125082014,343.0001767375436
{136},391.50918579101193,262.4151611328105,327.9628295898417,281.8430175781288,308.46719360351955,218.16352844238486,372.1917419433617,198.7045898437457,4430.591125082014,343.0001767375436
{137},391.2687072753785,263.2548522949153,327.04577636718113,282.330657958996,308.0491638183704,217.9909515380919,372.23651123047523,198.9957275390507,4490.301900774713,343.4572727269033
{138},391.0688781738309,263.7925720214859,326.41967773437676,282.62908935546557,307.73941040038716,217.8194580078106,372.42697143554557,199.16299438476796,4535.141914910193,343.7557232366014
{139},391.0688781738309,263.7925720214859,326.41967773437676,282.62908935546557,307.73941040038716,217.8194580078106,372.42697143554557,199.16299438476796,4535.141914910193,343.7557232366014
{140},390.8442077636762,264.5374145507837,325.7157287597677,282.9184570312463,307.3719787597614,217.6518249511695,372.57873535156017,199.3772735595744,4585.284246236137,344.2394785842233
{141},390.8442077636762,264.5374145507837,325.7157287597677,282.9184570312463,307.3719787597614,217.6518249511695,372.57873535156017,199.3772735595744,4585.284246236137,344.2394785842233
{142},390.6612243652365,265.1440734863294,325.12506103515767,283.20288085937256,306.96090698241954,217.48257446288932,372.6457824707016,199.6239166259792,4630.247325577744,344.59419774213166
{143},390.39147949218375,265.7150878906229,324.44296264648204,283.5104675293009,306.65969848633205,217.3861236572288,372.73229980468966,199.70736694335568,4675.378257123528,344.89910582740674
{144},390.39147949218375,265.7150878906229,324.44296264648204,283.5104675293009,306.65969848633205,217.3861236572288,372.73229980468966,199.70736694335568,4675.378257123528,344.89910582740674
{145},390.2344665527278,266.36856079101176,323.8026733398396,283.76129150391336,306.3625793457102,217.22471618652756,372.85574340820676,199.87123107909522,4723.337069276495,345.3285079763606
{146},390.2344665527278,266.36856079101176,323.8026733398396,283.76129150391336,306.3625793457102,217.22471618652756,372.85574340820676,199.87123107909522,4723.337069276495,345.3285079763606
{147},390.07400512694704,266.8747558593715,323.1487426757778,284.0849304199278,306.02395629883375,217.12615966797205,372.8648071289095,199.95332336425227,4772.28504786078,345.57856730824415
{148},390.07400512694704,266.8747558593715,323.1487426757778,284.0849304199278,306.02395629883375,217.12615966797205,372.8648071289095,199.95332336425227,4772.28504786078,345.57856730824415
{149},389.91339111328904,267.5485534668016,322.5680541992234,284.3336181640549,305.68637084960176,216.7366943359329,373.043304443355,200.27868652344472,4822.218867778356,346.0048169378976
{150},389.91339111328904,267.5485534668016,322.5680541992234,284.3336181640549,305.68637084960176,216.7366943359329,373.043304443355,200.27868652344472,4822.218867778356,346.0048169378976
{151},389.5199584960881,268.2228088378872,321.68234252929363,284.61950683594284,305.2863159179743,216.6398620605503,373.2190856933627,200.3187561035101,4879.688192985923,346.4119280557785
{152},389.3270568847679,268.78857421875136,321.10263061523517,284.8765563964831,304.96801757812347,216.42318725585838,373.4050598144521,200.47668457031412,4929.364524487915,346.7314917409814
{153},389.3270568847679,268.78857421875136,321.10263061523517,284.8765563964831,304.96801757812347,216.42318725585838,373.4050598144521,200.47668457031412,4929.364524487915,346.7314917409814
{154},389.1216735839801,269.3011474609348,320.39620971679415,285.0718383789107,304.78875732422307,216.24629211426048,373.5150756835966,200.5679168701127,4972.337943135295,347.0758749878943
{155},389.1216735839801,269.3011474609348,320.39620971679415,285.0718383789107,304.78875732422307,216.24629211426048,373.5150756835966,200.5679168701127,4972.337943135295,347.0758749878943
{156},388.8392639160038,269.80316162108625,319.9177856445239,285.3008422851679,304.34622192383995,216.14482116699963,373.52914428711676,200.7845153808477,5008.869046200285,347.3272539562259
{157},388.6975708007874,270.3146362304728,319.1678466796924,285.5286560058517,304.1123046874923,215.93174743651846,373.60235595702727,200.83908081055299,5061.898059749503,347.6574583373688
{158},388.6975708007874,270.3146362304728,319.1678466796924,285.5286560058517,304.1123046874923,215.93174743651846,373.60235595702727,200.83908081055299,5061.898059749503,347.6574583373688
{159},388.4881591796806,270.84494018554244,318.561523437496,285.7059326171936,303.7787170410219,215.67311096191816,373.7249755859416,200.94735717772812,5111.660101632078,348.00186019539495
{160},388.4881591796806,270.84494018554244,318.561523437496,285.7059326171936,303.7787170410219,215.67311096191816,373.7249755859416,200.94735717772812,5111.660101632078,348.00186019539495
{161},388.1837463378928,271.39105224609517,317.95104980468864,285.9355163574201,303.44125366210756,215.5050964355457,373.8332214355458,201.07373046875165,5157.213921742077,348.30002200788545
{162},388.1837463378928,271.39105224609517,317.95104980468864,285.9355163574201,303.44125366210756,215.5050964355457,373.8332214355458,201.07373046875165,5157.213921742077,348.30002200788545
{163},388.0809936523494,271.87847900391,317.29373168945693,286.0465087890568,303.1477355956975,215.25491333007437,373.9173889160117,201.11331176758412,5209.943256930885,348.6818356215569
{164},388.0809936523494,271.87847900391,317.29373168945693,286.0465087890568,303.1477355956975,215.25491333007437,373.9173889160117,201.11331176758412,5209.943256930885,348.6818356215569
{165},387.79675292969284,272.3446044921911,316.75265502929983,286.2536315917925,302.8779296874952,215.13497924804372,373.943664550778,201.28140258789549,5243.808958667869,348.9227331443253
{166},387.79675292969284,272.3446044921911,316.75265502929983,286.2536315917925,302.8779296874952,215.13497924804372,373.943664550778,201.28140258789549,5243.808958667869,348.9227331443253
{167},387.57101440428687,272.87115478514943,316.11276245116454,286.41629028321387,302.586395263682,214.92486572266313,374.02401733399154,201.37121582030204,5291.632789213283,349.26674647262587
{168},387.34030151367904,273.3592834472705,315.5011901855519,286.58224487303954,302.2733764648364,214.71681213378403,374.1275329589793,201.49775695801526,5337.934690295944,349.5706699398155
{169},387.34030151367904,273.3592834472705,315.5011901855519,286.58224487303954,302.2733764648364,214.71681213378403,374.1275329589793,201.49775695801526,5337.934690295944,349.5706699398155
{170},387.1464538574225,273.75683593750045,314.9423828125006,286.8072204589835,301.99929809570244,214.4886932373042,374.1966247558588,201.63659667968827,5381.962618174701,349.7547937111909
{171},387.1464538574225,273.75683593750045,314.9423828125006,286.8072204589835,301.99929809570244,214.4886932373042,374.1966247558588,201.63659667968827,5381.962618174701,349.7547937111909
{172},386.9074401855503,274.22570800781494,314.31365966797114,286.9736633300747,301.67086791991824,214.30642700195054,374.2109374999975,201.7140808105505,5428.11819433327,350.0400287240667
{173},386.6910705566433,274.5995483398456,313.8952026367212,287.05776977538716,301.4434204101534,214.16166687011514,374.2200927734352,201.78929138183915,5457.422987186961,350.28853260261815
{174},386.6910705566433,274.5995483398456,313.8952026367212,287.05776977538716,301.4434204101534,214.16166687011514,374.2200927734352,201.78929138183915,5457.422987186961,350.28853260261815
{175},386.4920043945351,274.90393066406523,313.33358764648676,287.11749267577795,301.1795654296836,214.10035705566125,374.27236938476335,201.72752380371418,5495.061104319146,350.5220630268734
{176},386.2974243164032,275.34063720702903,312.9051513671851,287.2631835937533,300.9317932128934,213.90678405761923,374.31835937500233,201.92517089843423,5528.89165652082,350.77292643133956
{177},386.2974243164032,275.34063720702903,312.9051513671851,287.2631835937533,300.9317932128934,213.90678405761923,374.31835937500233,201.92517089843423,5528.89165652082,350.77292643133956
{178},386.0419006347699,275.7627563476593,312.31997680664387,287.4289245605424,300.7182922363236,213.71914672851233,374.3862609863247,201.9784088134813,5570.881324601345,351.0077618667764
{179},386.0419006347699,275.7627563476593,312.31997680664387,287.4289245605424,300.7182922363236,213.71914672851233,374.3862609863247,201.9784088134813,5570.881324601345,351.0077618667764
{180},385.7948608398463,276.0556030273456,311.91455078125153,287.58352661132596,300.3213195800759,213.52383422851403,374.37841796874847,202.05548095703335,5608.180520174588,351.1313591371721
{181},385.67291259766694,276.4801330566484,311.2994689941489,287.6851806640512,300.1493530273327,213.32698059081218,374.3992919921795,202.1854248046985,5648.598102924174,351.43229661698655
{182},385.67291259766694,276.4801330566484,311.2994689941489,287.6851806640512,300.1493530273327,213.32698059081218,374.3992919921795,202.1854248046985,5648.598102924174,351.43229661698655
{183},385.38211059570256,276.8107604980465,310.8332519531246,287.81274414062545,299.89990234375074,213.15667724609423,374.4748535156251,202.26002502441392,5682.141578079856,351.6048395252269
{184},385.38211059570256,276.8107604980465,310.8332519531246,287.81274414062545,299.89990234375074,213.15667724609423,374.4748535156251,202.26002502441392,5682.141578079856,351.6048395252269
{185},385.10119628905807,277.1723327636685,310.3347473144503,287.90383911133193,299.65191650391034,213.00268554687807,374.3789062500031,202.274459838863,5713.329936236107,351.83191168879574
{186},385.10119628905807,277.1723327636685,310.3347473144503,287.90383911133193,299.65191650391034,213.00268554687807,374.3789062500031,202.274459838863,5713.329936236107,351.83191168879574
{187},384.9591369629017,277.5044555664146,309.8951110839925,288.0240173339735,299.35137939452017,212.86732482909312,374.4568481445233,202.43231201172927,5750.199699050587,352.0224557852322
{188},384.7387084960975,277.9622497558623,309.29473876953466,288.06295776366744,299.10864257812074,212.72906494140304,374.4728393554651,202.4793395996141,5790.1529731321425,352.37438330065675
{189},384.7387084960975,277.9622497558623,309.29473876953466,288.06295776366744,299.10864257812074,212.72906494140304,374.4728393554651,202.4793395996141,5790.1529731321425,352.37438330065675
{190},384.5079040527456,278.22454833985233,308.8624572753996,288.2207336425663,298.8763122558478,212.56797790526457,374.5339050292882,202.51042175294108,5825.636237755869,352.47225101317616
{191},384.5079040527456,278.22454833985233,308.8624572753996,288.2207336425663,298.8763122558478,212.56797790526457,374.5339050292882,202.51042175294108,5825.636237755869,352.47225101317616
{192},384.23864746093705,278.55334472656216,308.3641967773435,288.3986511230472,298.5515136718755,212.35302734375043,374.5378112792973,202.64254760742136,5864.454498784609,352.606731291395
{193},384.23864746093705,278.55334472656216,308.3641967773435,288.3986511230472,298.5515136718755,212.35302734375043,374.5378112792973,202.64254760742136,5864.454498784609,352.606731291395
{194},383.98455810545653,278.879760742178,307.8371276855375,288.4452209472778,298.2458190918089,212.214004516611,374.4472656250098,202.69052124022176,5896.557517700639,352.8401427914617
{195},383.98455810545653,278.879760742178,307.8371276855375,288.4452209472778,298.2458190918089,212.214004516611,374.4472656250098,202.69052124022176,5896.557517700639,352.8401427914617
{196},383.80892944336466,279.23559570312915,307.34918212891085,288.5956115722598,298.036499023432,212.0206909179644,374.5000610351519,202.81269836426344,5935.6744431375555,353.02071609514536
{197},383.5566406249996,279.52670288085903,306.8532409667967,288.7232055664065,297.81918334960983,211.90705871582063,374.4937133789061,202.88964843750026,5966.487806398109,353.16304790060326
{198},383.5566406249996,279.52670288085903,306.8532409667967,288.7232055664065,297.81918334960983,211.90705871582063,374.4937133789061,202.88964843750026,5966.487806398109,353.16304790060326
{199},383.41726684569994,279.9136657714818,306.4228820800757,288.73526000976864,297.4943542480501,211.80848693847912,374.4429931640651,202.9105224609342,6003.416626370257,353.46386509693986
{200},383.41726684569994,279.9136657714818,306.4228820800757,288.73526000976864,297.4943542480501,211.80848693847912,374.4429931640651,202.9105224609342,6003.416626370257,353.46386509693986
{201},383.0476379394477,280.1959533691363,305.9299926757771,288.8814086914114,297.17520141602097,211.59294128418395,374.50149536133205,203.0293426513623,6038.26885942481,353.57408182885956
{202},383.0476379394477,280.1959533691363,305.9299926757771,288.8814086914114,297.17520141602097,211.59294128418395,374.50149536133205,203.0293426513623,6038.26885942481,353.57408182885956
{203},382.8473205566431,280.46310424804886,305.4474792480487,288.947570800779,297.042327880857,211.51660156249807,374.4248962402322,203.05847167969026,6062.732593454421,353.74429060799093
{204},382.8473205566431,280.46310424804886,305.4474792480487,288.947570800779,297.042327880857,211.51660156249807,374.4248962402322,203.05847167969026,6062.732593454421,353.74429060799093
{205},382.6908264160168,280.7704772949228,304.97140502929705,289.03149414062483,296.7774658203121,211.3617095947262,374.3898620605469,203.15768432617182,6097.97857325209,353.9326512722924
{206},382.3821411132838,281.1042785644552,304.4969177246108,289.12866210937307,296.4490966796845,211.20317077636471,374.35653686523193,203.21429443359682,6133.073971275291,354.11766696216364
{207},382.3821411132838,281.1042785644552,304.4969177246108,289.12866210937307,296.4490966796845,211.20317077636471,374.35653686523193,203.21429443359682,6133.073971275291,354.11766696216364
{208},382.1234130859319,281.3612060546829,303.9712524414012,289.2178955078187,296.2343444824274,211.0639190673873,374.32211303711347,203.26359558104969,6164.004700138241,354.2593040597336
{209},382.1234130859319,281.3612060546829,303.9712524414012,289.2178955078187,296.2343444824274,211.0639190673873,374.32211303711347,203.26359558104969,6164.004700138241,354.2593040597336
{210},381.89440917969176,281.6030578613316,303.6808776855504,289.3214111328081,296.0193481445262,210.93780517577704,374.303039550778,203.32653808594145,6187.673942508714,354.36412266352175
{211},381.89440917969176,281.6030578613316,303.6808776855504,289.3214111328081,296.0193481445262,210.93780517577704,374.303039550778,203.32653808594145,6187.673942508714,354.36412266352175
{212},381.7181396484395,281.87075805664233,303.23422241211136,289.37960815429454,295.7271118164036,210.82929992675557,374.2215576171851,203.41143798828404,6217.76755756903,354.53493259746637
{213},381.7181396484395,281.87075805664233,303.23422241211136,289.37960815429454,295.7271118164036,210.82929992675557,374.2215576171851,203.41143798828404,6217.76755756903,354.53493259746637
{214},381.5153808593733,282.13110351562364,302.8372802734356,289.4822692871116,295.45217895508,210.7751007080094,374.20574951172046,203.40429687499787,6250.357305279031,354.6621548835443
{215},381.5153808593733,282.13110351562364,302.8372802734356,289.4822692871116,295.45217895508,210.7751007080094,374.20574951172046,203.40429687499787,6250.357305279031,354.6621548835443
{216},381.2299499511658,282.35186767577613,302.39852905272875,289.5904235839912,295.1826477050847,210.63957214356014,374.19525146484926,203.4712982177668,6279.513092709072,354.7536282344141
{217},381.2299499511658,282.35186767577613,302.39852905272875,289.5904235839912,295.1826477050847,210.63957214356014,374.19525146484926,203.4712982177668,6279.513092709072,354.7536282344141
{218},380.96621704101506,282.65539550781205,301.8162231445307,289.68298339843824,295.0604858398443,210.53024291992236,374.17721557617244,203.4775848388665,6312.292708645829,354.9261142883297
{219},380.7215576171801,282.9674987792906,301.49145507811846,289.6999206543046,294.7147827148514,210.3734741211002,374.1658630371161,203.57879638671082,6341.3639563066245,355.143071270708
{220},380.7215576171801,282.9674987792906,301.49145507811846,289.6999206543046,294.7147827148514,210.3734741211002,374.1658630371161,203.57879638671082,6341.3639563066245,355.143071270708
{221},380.6111755371089,283.2695312499996,301.06509399414097,289.7280578613278,294.4182434082027,210.23869323730432,373.991180419922,203.6654205322264,6371.922131401479,355.3582078101696
{222},380.353851318359,283.43652343749966,300.58972167968716,289.8151245117191,294.23434448242216,210.13580322265645,373.9170532226568,203.68081665038997,6396.39516410233,355.4278840230286
{223},380.353851318359,283.43652343749966,300.58972167968716,289.8151245117191,294.23434448242216,210.13580322265645,373.9170532226568,203.68081665038997,6396.39516410233,355.4278840230286
{224},380.1279907226572,283.63598632812585,300.2348327636727,289.9081726074209,293.9576416015622,210.0033111572263,373.8263549804683,203.78564453125054,6419.974481118123,355.51107730483545
{225},380.1279907226572,283.63598632812585,300.2348327636727,289.9081726074209,293.9576416015622,210.0033111572263,373.8263549804683,203.78564453125054,6419.974481118123,355.51107730483545
{226},379.79846191406165,283.87753295898364,299.8323364257796,289.92272949218943,293.72702026367324,209.8970794677746,373.83981323242364,203.8505554199198,6441.731402139536,355.67683583110215
{227},379.79846191406165,283.87753295898364,299.8323364257796,289.92272949218943,293.72702026367324,209.8970794677746,373.83981323242364,203.8505554199198,6441.731402139536,355.67683583110215
{228},379.6622924804726,284.1270141601596,299.49972534179983,290.02932739257477,293.45819091796477,209.79194641112943,373.6525268554655,203.87423706055057,6469.537840703815,355.7889509776502
{229},379.53875732422114,284.3146972656271,299.08029174804904,290.06958007812244,293.32998657226227,209.675277709958,373.56793212890324,203.96597290039412,6491.300187099958,355.9088218361955
{230},379.53875732422114,284.3146972656271,299.08029174804904,290.06958007812244,293.32998657226227,209.675277709958,373.56793212890324,203.96597290039412,6491.300187099958,355.9088218361955
{231},379.32025146485125,284.458862304694,298.69903564453693,290.1684570312434,293.17254638671096,209.63963317870414,373.54122924804085,203.98611450196006,6512.023129334113,355.9490761356738
{232},379.32025146485125,284.458862304694,298.69903564453693,290.1684570312434,293.17254638671096,209.63963317870414,373.54122924804085,203.98611450196006,6512.023129334113,355.9490761356738
{233},379.01922607423563,284.6262817382959,298.3935241699358,290.30242919920266,292.7923278808428,209.55033874510272,373.4657287597505,204.04905700685333,6536.738647512415,355.9729518039872
{234},379.01922607423563,284.6262817382959,298.3935241699358,290.30242919920266,292.7923278808428,209.55033874510272,373.4657287597505,204.04905700685333,6536.738647512415,355.9729518039872
{235},378.69110107422597,284.8822021484438,297.92877197266273,290.354583740227,292.6053161621016,209.4699096679619,373.4769897460869,204.0949096679766,6561.498021941152,356.12361565024617
{236},378.69110107422597,284.8822021484438,297.92877197266273,290.354583740227,292.6053161621016,209.4699096679619,373.4769897460869,204.0949096679766,6561.498021941152,356.12361565024617
{237},378.54901123046574,285.1483764648412,297.5633850097632,290.3725891113309,292.37094116211233,209.36601257324475,373.35974121094,204.19134521484082,6585.48016119207,356.30908357023384
{238},378.54901123046574,285.1483764648412,297.5633850097632,290.3725891113309,292.37094116211233,209.36601257324475,373.35974121094,204.19134521484082,6585.48016119207,356.30908357023384
{239},378.3464355468756,285.3439941406255,297.2253417968753,290.45056152343716,292.1684570312495,209.23731994628855,373.2937316894528,204.22549438476608,6610.0070747135105,356.3979874161181
{240},378.1169128417999,285.4817504882839,296.7860107421905,290.524261474606,291.9328308105431,209.1660003662076,373.25482177734085,204.25837707519864,6635.260366334129,356.4522063998284
{241},378.1169128417999,285.4817504882839,296.7860107421905,290.524261474606,291.9328308105431,209.1660003662076,373.25482177734085,204.25837707519864,6635.260366334129,356.4522063998284
{242},377.9530639648449,285.6145629882822,296.60253906250097,290.5742797851552,291.63726806640517,209.11888122558494,373.12338256835835,204.27485656738395,6651.258746827727,356.51115299535195
{243},377.9530639648449,285.6145629882822,296.60253906250097,290.5742797851552,291.63726806640517,209.11888122558494,373.12338256835835,204.27485656738395,6651.258746827727,356.51115299535195
{244},377.7047119140535,285.7785034179608,296.2359924316333,290.6145019531332,291.4354553222744,209.00103759766404,373.0244750976635,204.33332824706204,6669.5189083862715,356.6028980383951
{245},377.7047119140535,285.7785034179608,296.2359924316333,290.6145019531332,291.4354553222744,209.00103759766404,373.0244750976635,204.33332824706204,6669.5189083862715,356.6028980383951
{246},377.5308227539103,286.00466918945676,295.81362915039404,290.6158752441369,291.3276672363239,208.91839599608997,372.9349670410124,204.37248229980827,6689.724568009238,356.770291019137
{247},377.5308227539103,286.00466918945676,295.81362915039404,290.6158752441369,291.3276672363239,208.91839599608997,372.9349670410124,204.37248229980827,6689.724568009238,356.770291019137
{248},377.39559936523744,286.29727172851835,295.5388183593784,290.5686645507773,290.98028564452824,208.77667236327855,372.7843627929653,204.4310607910195,6715.864477417781,357.01294121352214
{249},377.1625366211002,286.44525146484955,295.2557373046934,290.6179504394464,290.7055969238213,208.6856842040955,372.7197875976501,204.45732116699912,6736.377679166566,357.0836177908932
{250},377.1625366211002,286.44525146484955,295.2557373046934,290.6179504394464,290.7055969238213,208.6856842040955,372.7197875976501,204.45732116699912,6736.377679166566,357.0836177908932
{251},376.96166992187705,286.5631713867206,294.8508300781264,290.66979980468585,290.5867919921854,208.6501464843731,372.6569824218738,204.47200012207173,6753.718555254018,357.1368385723928
{252},376.96166992187705,286.5631713867206,294.8508300781264,290.66979980468585,290.5867919921854,208.6501464843731,372.6569824218738,204.47200012207173,6753.718555254018,357.1368385723928
{253},376.62429809569494,286.6603698730395,294.48370361327403,290.8024902343829,290.40237426758625,208.5866851806714,372.5895690918046,204.48245239256968,6770.346220815802,357.1131794559212
{254},376.62429809569494,286.6603698730395,294.48370361327403,290.8024902343829,290.40237426758625,208.5866851806714,372.5895690918046,204.48245239256968,6770.346220815802,357.1131794559212
{255},376.5131225585976,286.7801818847691,294.2426147460973,290.87652587890244,290.20062255858966,208.55853271484006,372.47937011718403,204.49848937988662,6787.656153076336,357.1495307255287
{256},376.39758300780466,286.90966796874284,293.94055175780534,290.93530273438284,289.97036743164915,208.48411560059367,372.37857055664887,204.49900817870184,6810.996607065237,357.20498194147183
{257},376.39758300780466,286.90966796874284,293.94055175780534,290.93530273438284,289.97036743164915,208.48411560059367,372.37857055664887,204.49900817870184,6810.996607065237,357.20498194147183
{258},376.1599731445542,287.11215209963024,293.5967407226768,290.98226928708675,289.7393798827898,208.45259094236218,372.3497619628703,204.51531982424112,6833.601580338334,357.3162486136344
{259},376.1599731445542,287.11215209963024,293.5967407226768,290.98226928708675,289.7393798827898,208.45259094236218,372.3497619628703,204.51531982424112,6833.601580338334,357.3162486136344
{260},375.86212158201494,287.36126708982886,293.3254089355322,291.01165771485984,289.48736572267234,208.39085388185057,372.27285766603046,204.56457519529621,6850.679147671435,357.4676025060759
{261},375.86212158201494,287.36126708982886,293.3254089355322,291.01165771485984,289.48736572267234,208.39085388185057,372.27285766603046,204.56457519529621,6850.679147671435,357.4676025060759
{262},375.6353149413972,287.4237976074136,292.975830078117,291.0859069824306,289.39828491211813,208.34257507325015,372.1715087890708,204.59042358397537,6861.00234555731,357.46325189106335
{263},375.5615844726676,287.4910888671979,292.5866394043075,291.17639160155085,289.26992797850363,208.28900146483267,372.01651000975437,204.60220336915302,6880.820833131147,357.45689963526274
{264},375.5615844726676,287.4910888671979,292.5866394043075,291.17639160155085,289.26992797850363,208.28900146483267,372.01651000975437,204.60220336915302,6880.820833131147,357.45689963526274
{265},375.4484252929691,287.5482177734378,292.51614379882847,291.23062133789034,288.9028320312496,208.25944519042935,371.88626098632784,204.62635803222685,6894.188259174603,357.4575921024992
{266},375.4484252929691,287.5482177734378,292.51614379882847,291.23062133789034,288.9028320312496,208.25944519042935,371.88626098632784,204.62635803222685,6894.188259174603,357.4575921024992
{267},375.2652282714885,287.6918945312538,292.20382690430057,291.2741699218709,288.69100952148034,208.1565704345666,371.7485046386686,204.66145324707384,6912.520001852921,357.5304757330242
{268},375.2652282714885,287.6918945312538,292.20382690430057,291.2741699218709,288.69100952148034,208.1565704345666,371.7485046386686,204.66145324707384,6912.520001852921,357.5304757330242
{269},375.0859680175928,287.80410766602915,291.8566284179831,291.32165527342187,288.54385375975033,208.09532165525934,371.65975952147,204.6771392822422,6929.705151420676,357.57993076615446
{270},375.0859680175928,287.80410766602915,291.8566284179831,291.32165527342187,288.54385375975033,208.09532165525934,371.65975952147,204.6771392822422,6929.705151420676,357.57993076615446
{271},374.78994750976824,287.9826049804712,291.45883178711165,291.3351745605445,288.47094726562204,208.00633239745818,371.637847900388,204.71920776367466,6944.511253599565,357.69612409475184
{272},374.78994750976824,287.9826049804712,291.45883178711165,291.3351745605445,288.47094726562204,208.00633239745818,371.637847900388,204.71920776367466,6944.511253599565,357.69612409475184
{273},374.5233154296997,288.18917846680824,291.3071594238396,291.3572692870969,288.1558837890497,207.94987487791786,371.61145019530113,204.735031127942,6962.450299736367,357.8197669517829
{274},374.4559936523389,288.400512695308,291.1083374023401,291.3030395507851,287.9106140136758,207.8341217041052,371.52291870117546,204.78182983398065,6983.361770026531,358.0055184733711
{275},374.4559936523389,288.400512695308,291.1083374023401,291.3030395507851,287.9106140136758,207.8341217041052,371.52291870117546,204.78182983398065,6983.361770026531,358.0055184733711
{276},374.2835998535168,288.45367431640733,290.6485900878912,291.35632324218693,287.822784423827,207.76284790038952,371.45043945312426,204.80381774902418,7001.684101822415,358.01228208929433
{277},374.2835998535168,288.45367431640733,290.6485900878912,291.35632324218693,287.822784423827,207.76284790038952,371.45043945312426,204.80381774902418,7001.684101822415,358.01228208929433
{278},374.12710571288903,288.5398864746079,290.446075439451,291.41333007812716,287.5837707519549,207.65588378906418,371.31118774414244,204.86968994140437,7015.234598955227,358.033347238434
{279},374.12710571288903,288.5398864746079,290.446075439451,291.41333007812716,287.5837707519549,207.65588378906418,371.31118774414244,204.86968994140437,7015.234598955227,358.033347238434
{280},373.9953918457133,288.6045227050877,290.2434692382903,291.44158935545903,287.4562377929587,207.61251831053747,371.1489257812409,204.88282775879878,7021.708548149392,358.0598676744993
{281},373.80728149413557,288.6770935058546,289.9904479980423,291.46511840820796,287.3778686523481,207.53343200684006,371.0986022949268,204.91191101073696,7031.077756006547,358.0948554472442
{282},373.80728149413557,288.6770935058546,289.9904479980423,291.46511840820796,287.3778686523481,207.53343200684006,371.0986022949268,204.91191101073696,7031.077756006547,358.0948554472442
{283},373.546264648438,288.75714111328176,289.65121459960903,291.5130310058598,287.14517211914074,207.5177154541016,371.0126342773438,204.91052246093736,7046.153179746907,358.11855287347754
{284},373.546264648438,288.75714111328176,289.65121459960903,291.5130310058598,287.14517211914074,207.5177154541016,371.0126342773438,204.91052246093736,7046.153179746907,358.11855287347754
{285},373.48492431641006,288.89312744140983,289.52764892578466,291.4816894531215,286.88348388671733,207.50154113769395,370.86096191406074,204.91238403320497,7058.4369549075855,358.2340219066597
{286},373.4134826660205,288.99188232422335,289.4039916992237,291.497863769526,286.70306396483886,207.50709533690952,370.74606323241676,204.91592407227108,7067.848807549279,358.2913883382821
{287},373.318359374995,289.0944519042921,289.19042968749443,291.4860229492246,286.5682373046927,207.48559570312983,370.6278686523495,204.9178771972596,7077.906728628237,358.3716462130933
{288},373.318359374995,289.0944519042921,289.19042968749443,291.4860229492246,286.5682373046927,207.48559570312983,370.6278686523495,204.9178771972596,7077.906728628237,358.3716462130933
{289},373.18170166018086,289.2116394043202,288.92837524416484,291.48809814450567,286.5364074706781,207.45965576169516,370.5787048339609,204.9189147949468,7087.944384053735,358.4522895710671
{290},373.18170166018086,289.2116394043202,288.92837524416484,291.48809814450567,286.5364074706781,207.45965576169516,370.5787048339609,204.9189147949468,7087.944384053735,358.4522895710671
{291},373.0153808593716,289.38201904296557,288.53146362304386,291.438934326175,286.5852661132846,207.4138488769563,370.5608825683626,204.92890930175437,7100.436380138162,358.6053051247078
{292},372.7616882324181,289.58334350585574,288.41412353515403,291.3720703125024,286.272949218753,207.3951568603544,370.5762329101607,204.92959594726094,7114.5276927859595,358.7851322347036
{293},372.7616882324181,289.58334350585574,288.41412353515403,291.3720703125024,286.272949218753,207.3951568603544,370.5762329101607,204.92959594726094,7114.5276927859595,358.7851322347036
{294},372.45401000975403,289.648223876942,288.37982177733227,291.42407226563705,286.01495361329364,207.38186645508978,370.6426086425897,204.9780426025269,7119.886530037307,358.78995572828694
{295},372.45401000975403,289.648223876942,288.37982177733227,291.42407226563705,286.01495361329364,207.38186645508978,370.6426086425897,204.9780426025269,7119.886530037307,358.78995572828694
{296},372.34213256835557,289.65438842773074,288.25106811523034,291.502868652348,285.7982788085991,207.35870361328622,370.61151123047284,204.98130798339415,7132.909180694885,358.7407334856582
{297},372.34948730469586,289.6502990722736,288.02508544922705,291.5856323242101,285.6524047851481,207.33218383788292,370.361175537101,204.99185180664944,7142.589943506668,358.68523273013597
{298},372.329925537112,289.66738891601807,287.63543701172034,291.65872192382653,285.67123413085756,207.29981994628733,370.19473266601284,205.00114440918256,7154.9203733762115,358.6531123624361
{299},372.329925537112,289.66738891601807,287.63543701172034,291.65872192382653,285.67123413085756,207.29981994628733,370.19473266601284,205.00114440918256,7154.9203733762115,358.6531123624361
{300},372.2802734375116,289.6658630371204,287.3638305664175,291.721862792957,285.676025390613,207.26660156248852,370.05786132811375,205.01075744630094,7161.738569493384,358.61302365274446
{301},372.2802734375116,289.6658630371204,287.3638305664175,291.721862792957,285.676025390613,207.26660156248852,370.05786132811375,205.01075744630094,7161.738569493384,358.61302365274446
{302},372.15832519530727,289.7125549316357,287.2673950195265,291.79739379883307,285.5311584472712,207.2300720214896,369.8880004882864,205.02558898925244,7165.77414143522,358.5931540538151
{303},372.15832519530727,289.7125549316357,287.2673950195265,291.79739379883307,285.5311584472712,207.2300720214896,369.8880004882864,205.02558898925244,7165.77414143522,358.5931540538151
{304},371.9637451171918,289.75402832031665,287.2429504394582,291.8412170410103,285.1570129394489,207.1708221435507,369.7911682128856,205.04368591309117,7175.8532631090275,358.5887417596773
{305},371.9637451171918,289.75402832031665,287.2429504394582,291.8412170410103,285.1570129394489,207.1708221435507,369.7911682128856,205.04368591309117,7175.8532631090275,358.5887417596773
{306},371.7931213378979,289.80090332031943,287.109710693366,291.8817443847587,284.94461059569545,207.15788269042238,369.7762145996028,205.00909423828816,7188.284938586978,358.5924111514345
{307},371.7931213378979,289.80090332031943,287.109710693366,291.8817443847587,284.94461059569545,207.15788269042238,369.7762145996028,205.00909423828816,7188.284938586978,358.5924111514345
{308},371.4816589355428,289.8743286132774,286.78594970702744,291.95715332031654,284.8427124023487,207.10462951660625,369.7991333007857,205.06379699706562,7199.662539846009,358.591274360248
{309},371.39816284180546,289.97924804688324,286.41622924805495,291.9711303710852,284.78457641600704,207.04533386229647,369.7226562499919,205.0461578369225,7218.905844575522,358.6572962879772
{310},371.39816284180546,289.97924804688324,286.41622924805495,291.9711303710852,284.78457641600704,207.04533386229647,369.7226562499919,205.0461578369225,7218.905844575522,358.6572962879772
{311},371.3581542968735,290.04586791992045,286.3692321777329,291.9907531738296,284.6708374023452,207.00672912597796,369.657348632814,205.0619049072251,7225.9010395814985,358.68907301954806
{312},371.3581542968735,290.04586791992045,286.3692321777329,291.9907531738296,284.6708374023452,207.00672912597796,369.657348632814,205.0619049072251,7225.9010395814985,358.68907301954806
{313},371.26214599608943,290.1713867187459,286.2377014160102,291.97763061523995,284.58657836914506,206.92242431641048,369.59600830078654,205.09515380858824,7235.040274912208,358.783001895482
{314},371.12216186523403,290.2970886230466,286.03103637695295,291.9923706054689,284.5247497558598,206.88467407226602,369.5781250000001,205.11901855468733,7245.935929800333,358.8586394464039
{315},371.12216186523403,290.2970886230466,286.03103637695295,291.9923706054689,284.5247497558598,206.88467407226602,369.5781250000001,205.11901855468733,7245.935929800333,358.8586394464039
{316},370.97747802733977,290.4471740722618,285.89660644530846,291.9535827636761,284.2847900390669,206.79986572266048,369.5878906250038,205.15673828124605,7262.601205517516,358.9856492866844
{317},370.97747802733977,290.4471740722618,285.89660644530846,291.9535827636761,284.2847900390669,206.79986572266048,369.5878906250038,205.15673828124605,7262.601205517516,358.9856492866844
{318},370.9135742187525,290.5936889648462,285.62289428711176,291.9424438476538,284.1060485839819,206.75654602050537,369.41879272460704,205.18060302734617,7278.394718291238,359.094021506711
{319},370.75473022462734,290.5980529785331,285.41152954103273,291.9749145507635,283.9963073730289,206.66148376463101,369.3123168945141,205.22708129884583,7284.224721763094,359.0757141387307
{320},370.75473022462734,290.5980529785331,285.41152954103273,291.9749145507635,283.9963073730289,206.66148376463101,369.3123168945141,205.22708129884583,7284.224721763094,359.0757141387307
{321},370.5640563964643,290.58920288083993,285.42120361326175,292.0420532226765,283.7994689941616,206.61437988283282,369.2501220703318,205.25207519529258,7284.907611873874,359.0224180614647
{322},370.5640563964643,290.58920288083993,285.42120361326175,292.0420532226765,283.7994689941616,206.61437988283282,369.2501220703318,205.25207519529258,7284.907611873874,359.0224180614647
{323},370.37133789061863,290.58996582030636,285.3587036132754,292.072021484381,283.64636230469387,206.51232910156864,369.1537170410221,205.30479431151676,7285.086178022466,359.00124335306407
{324},370.37133789061863,290.58996582030636,285.3587036132754,292.072021484381,283.64636230469387,206.51232910156864,369.1537170410221,205.30479431151676,7285.086178022466,359.00124335306407
{325},370.40713500976676,290.5684509277355,285.19586181640756,292.1398315429674,283.5682678222651,206.40429687499952,368.9870300292961,205.3625488281259,7293.92685914733,358.9435285958473
{326},370.4142761230447,290.5693969726541,284.9342346191396,292.1701660156261,283.5903320312508,206.2978668212898,368.84927368164216,205.41987609863125,7301.825533104347,358.92715785790494
{327},370.4142761230447,290.5693969726541,284.9342346191396,292.1701660156261,283.5903320312508,206.2978668212898,368.84927368164216,205.41987609863125,7301.825533104347,358.92715785790494
{328},370.38439941405295,290.5758361816315,284.53265380858414,292.2252807617287,283.72906494141523,206.28668212891503,368.7205200195407,205.39204406737306,7310.34359675795,358.8993282945315
{329},370.38439941405295,290.5758361816315,284.53265380858414,292.2252807617287,283.72906494141523,206.28668212891503,368.7205200195407,205.39204406737306,7310.34359675795,358.8993282945315
{330},370.3124084472643,290.58203124999875,284.2857055664046,292.25201416015796,283.52493286132943,206.28883361816534,368.6343383789079,205.3929595947248,7324.147026577084,358.8878923281601
{331},370.3124084472643,290.58203124999875,284.2857055664046,292.25201416015796,283.52493286132943,206.28883361816534,368.6343383789079,205.3929595947248,7324.147026577084,358.8878923281601
{332},370.19857788085756,290.603424072264,284.37011718749835,292.27993774414244,283.1907348632829,206.3088989257828,368.58953857422034,205.35093688964676,7331.370496963835,358.8809662570827
{333},370.19857788085756,290.603424072264,284.37011718749835,292.27993774414244,283.1907348632829,206.3088989257828,368.58953857422034,205.35093688964676,7331.370496963835,358.8809662570827
{334},370.04284667966624,290.62576293943266,284.42645263669743,292.31222534181893,282.92715454103694,206.31185913088004,368.58773803713086,205.35095214841542,7335.829012578048,358.87153991224255
{335},370.04284667966624,290.62576293943266,284.42645263669743,292.31222534181893,282.92715454103694,206.31185913088004,368.58773803713086,205.35095214841542,7335.829012578048,358.87153991224255
{336},369.7707214355456,290.6551513671863,284.3801269531242,292.34185791015705,282.68557739257875,206.31455993652403,368.65042114257875,205.35025024414003,7341.541568049441,358.8683929331937
{337},369.42645263672324,290.7067871093793,284.21322631836335,292.37945556640204,282.5891723632769,206.3314514160114,368.78604125976176,205.30722045898838,7348.487867635726,358.8754734298693
{338},369.42645263672324,290.7067871093793,284.21322631836335,292.37945556640204,282.5891723632769,206.3314514160114,368.78604125976176,205.30722045898838,7348.487867635726,358.8754734298693
{339},369.1218566894584,290.7484130859426,283.961456298833,292.40130615233875,282.60208129882346,206.31915283202667,368.93524169921466,205.32751464844162,7353.9393628287,358.8880758334034
{340},369.1218566894584,290.7484130859426,283.961456298833,292.40130615233875,282.60208129882346,206.31915283202667,368.93524169921466,205.32751464844162,7353.9393628287,358.8880758334034
{341},369.0927124023452,290.7819213867203,283.5711669921888,292.4250183105455,282.7265624999986,206.31771850585795,368.8248901367171,205.32878112793142,7361.527222236167,358.89933071627354
{342},369.0927124023452,290.7819213867203,283.5711669921888,292.4250183105455,282.7265624999986,206.31771850585795,368.8248901367171,205.32878112793142,7361.527222236167,358.89933071627354
{343},369.23626708984966,290.8521728515683,283.0255737304746,292.4420166015565,282.9862670898365,206.31474304198505,368.526885986322,205.33219909668603,7370.641471626062,358.9435067823749
{344},369.339904785153,290.91580200195,283.09469604491915,292.41934204101835,282.82479858398796,206.30178833008162,368.26846313476875,205.34332275390307,7370.142674612274,359.0012457017966
{345},369.339904785153,290.91580200195,283.09469604491915,292.41934204101835,282.82479858398796,206.30178833008162,368.26846313476875,205.34332275390307,7370.142674612274,359.0012457017966
{346},369.39562988281835,291.005920410162,283.2986145019592,292.4043884277281,282.3923339843694,206.30664062499454,368.08386230468153,205.34538269043574,7377.834931041994,359.06943034784877
{347},369.42385864256926,291.07208251952267,283.4014892578038,292.38940429688404,282.0835571289157,206.32557678223571,367.8992614746183,205.30587768553764,7383.3962045337685,359.1226575198559
{348},369.42385864256926,291.07208251952267,283.4014892578038,292.38940429688404,282.0835571289157,206.32557678223571,367.8992614746183,205.30587768553764,7383.3962045337685,359.1226575198559
{349},369.4040832519487,291.18093872069886,283.42694091796454,292.3604125976607,281.82327270508233,206.3286743164103,367.7373352050824,205.30780029296423,7389.033106973897,359.21403951702047
{350},369.4040832519487,291.18093872069886,283.42694091796454,292.3604125976607,281.82327270508233,206.3286743164103,367.7373352050824,205.30780029296423,7389.033106973897,359.21403951702047
{351},369.34072875977563,291.2598876953223,283.34225463868194,292.33666992186465,281.644561767568,206.33079528807613,367.64410400389613,205.30889892579162,7395.840746535621,359.2826401409294
{352},369.2133483886958,291.3868713379139,283.1382141113508,292.29290771482033,281.5833129882573,206.34617614743775,367.5880126952899,205.2693023681875,7403.775598736545,359.39692056507204
{353},369.2133483886958,291.3868713379139,283.1382141113508,292.29290771482033,281.5833129882573,206.34617614743775,367.5880126952899,205.2693023681875,7403.775598736545,359.39692056507204
{354},369.02774047851335,291.5238952636697,282.77838134765415,292.2393493652366,281.65036010742404,206.34533691406457,367.5901489257826,205.26928710937352,7411.68015200732,359.5247320017778
{355},369.02774047851335,291.5238952636697,282.77838134765415,292.2393493652366,281.65036010742404,206.34533691406457,367.5901489257826,205.26928710937352,7411.68015200732,359.5247320017778
{356},368.74487304687585,291.72085571289153,282.2811279296891,292.1494445800765,281.8558044433564,206.34275817870807,367.66241455077966,205.2683715820329,7419.353664401955,359.7159950441037
{357},368.74487304687585,291.72085571289153,282.2811279296891,292.1494445800765,281.8558044433564,206.34275817870807,367.66241455077966,205.2683715820329,7419.353664401955,359.7159950441037
{358},368.33602905273773,291.8806762695346,282.00000000000324,292.06454467773113,281.9999999999969,206.3409576415984,367.8310852050752,205.26626586914358,7417.892799459216,359.8779783137595
{359},368.33602905273773,291.8806762695346,282.00000000000324,292.06454467773113,281.9999999999969,206.3409576415984,367.8310852050752,205.26626586914358,7417.892799459216,359.8779783137595
{360},368.0000000000001,292.00000000000017,282.000000000001,291.9999999999989,281.99999999999943,206.35418701171815,367.9999999999991,205.22476196289165,7414.105194091688,7.958078640513122e-13
{361},368.00000000001864,292.00000000001876,282.000000000018,291.999999999982,281.9999999999813,206.33782958982522,367.99999999998215,205.23370361329933,7414.424072265756,2.4499513529008254e-11
{362},368.00000000001864,292.00000000001876,282.000000000018,291.999999999982,281.9999999999813,206.33782958982522,367.99999999998215,205.23370361329933,7414.424072265756,2.4499513529008254e-11
{363},367.99999999999943,291.99999999999943,282.19393920898426,292.0000000000001,281.62197875976597,206.34268188476594,368.0000000000001,205.2337036132812,7422.3090188097485,359.99999999999955
{364},368.0,292.00000000000006,282.35418701171875,291.99999999999994,281.2294921874987,206.35972595214716,368.0000000000005,205.19573974609332,7433.390318943828,1.1368683772161603e-13
{365},368.0,292.00000000000006,282.35418701171875,291.99999999999994,281.2294921874987,206.35972595214716,368.0000000000005,205.19573974609332,7433.390318943828,1.1368683772161603e-13
{366},368.0000000000045,292.0000000000045,282.4182434082071,291.99999999999596,280.9573364257769,206.38429260253477,367.99999999999636,205.12312316894904,7444.5686966542635,5.6843418860808015e-12
{367},368.0000000000045,292.0000000000045,282.4182434082071,291.99999999999596,280.9573364257769,206.38429260253477,367.99999999999636,205.12312316894904,7444.5686966542635,5.6843418860808015e-12
{368},368.000000000002,292.000000000002,282.3836364746111,291.9999999999983,280.70321655273204,206.3913421630837,367.9999999999981,205.09858703613472,7457.8578995271455,2.5011104298755527e-12
{369},368.000000000002,292.000000000002,282.3836364746111,291.9999999999983,280.70321655273204,206.3913421630837,367.9999999999981,205.09858703613472,7457.8578995271455,2.5011104298755527e-12
{370},368.14389038085807,291.99999999999875,282.2060546874986,292.0000000000015,280.59063720703216,206.4094390869149,367.7234802246107,205.03346252441273,7466.843846407784,359.9999999999982
{371},368.3075561523426,291.9999999999989,281.7752380371083,292.0000000000012,280.65133666992296,206.42013549804784,367.35394287109517,204.97508239745937,7476.044620876484,359.9999999999985
{372},368.3075561523426,291.9999999999989,281.7752380371083,292.0000000000012,280.65133666992296,206.42013549804784,367.35394287109517,204.97508239745937,7476.044620876484,359.9999999999985
{373},368.40002441406415,292.00000000000153,281.1761474609393,291.9999999999982,280.9079284667952,206.41981506347494,367.0541992187484,204.94984436035324,7482.830060435219,2.1600499167107046e-12
{374},368.40002441406415,292.00000000000153,281.1761474609393,291.9999999999982,280.9079284667952,206.41981506347494,367.0541992187484,204.94984436035324,7482.830060435219,2.1600499167107046e-12
{375},368.41986083984403,292.0000000000004,281.00000000000034,291.99999999999966,280.99999999999983,206.42256164550759,366.825531005859,204.8969268798832,7479.633809889427,4.547473508864641e-13
{376},368.41986083984403,292.0000000000004,281.00000000000034,291.99999999999966,280.99999999999983,206.42256164550759,366.825531005859,204.8969268798832,7479.633809889427,4.547473508864641e-13
{377},368.31192016601494,291.9999999999994,280.99999999999943,292.0000000000006,281.0000000000004,206.42295837402384,366.62051391601585,204.87396240234347,7467.1459612681065,359.9999999999992
{378},368.12249755860324,292.0000000000093,281.00000000000966,291.9999999999903,280.99999999999045,206.4221801757718,366.5755615234283,204.84934997559552,7458.076139695448,1.2505552149377763e-11
{379},367.87686157226096,291.99999999999545,280.9999999999957,292.0000000000043,281.0000000000045,206.4202117919966,366.61376953125466,204.82435607909682,7450.177306781297,359.99999999999415
{380},367.87686157226096,291.99999999999545,280.9999999999957,292.0000000000043,281.0000000000045,206.4202117919966,366.61376953125466,204.82435607909682,7450.177306781297,359.99999999999415
{381},367.6034240722599,291.9999999999943,280.99999999999324,292.0000000000067,281.0000000000064,206.41708374024063,366.70697021484943,204.79946899413474,7443.458510401229,359.9999999999918
{382},367.6034240722599,291.9999999999943,280.99999999999324,292.0000000000067,281.0000000000064,206.41708374024063,366.70697021484943,204.79946899413474,7443.458510401229,359.9999999999918
{383},367.6034240722599,291.9999999999943,280.99999999999324,292.0000000000067,281.0000000000064,206.41708374024063,366.70697021484943,204.79946899413474,7443.458510401229,359.9999999999918
{384},367.1207275390525,291.99999999998994,281.0654907226461,292.00000000001023,280.87847900391665,206.396911621104,366.93499755860404,204.78309631346607,7436.2384334649105,359.99999999998647
{385},367.00000000000847,292.00000000000847,281.31103515625847,291.9999999999914,280.35076904296045,206.3955993652263,366.99999999999136,204.7409210205166,7448.14228202722,1.1368683772161603e-11
{386},367.00000000000847,292.00000000000847,281.31103515625847,291.9999999999914,280.35076904296045,206.3955993652263,366.99999999999136,204.7409210205166,7448.14228202722,1.1368683772161603e-11
{387},367.00000000001864,292.00000000001864,281.4182434082211,291.99999999998164,279.9575195312305,206.39584350584047,366.9999999999814,204.72215270998,7461.517201212766,2.4783730623312294e-11
{388},367.00000000001864,292.00000000001864,281.4182434082211,291.99999999998164,279.9575195312305,206.39584350584047,366.9999999999814,204.72215270998,7461.517201212766,2.4783730623312294e-11
{389},367.00000000000693,292.000000000007,281.36196899414693,291.99999999999363,279.6719665527278,206.383407592767,366.9999999999927,204.68806457520273,7478.408006154437,8.924416761146858e-12
{390},367.0000000000008,292.0000000000008,281.0190124511729,291.99999999999886,279.59149169921824,206.34938049316352,366.9999999999988,204.64555358886847,7499.9233518021065,1.2505552149377763e-12
{391},367.0000000000008,292.0000000000008,281.0190124511729,291.99999999999886,279.59149169921824,206.34938049316352,366.9999999999988,204.64555358886847,7499.9233518021065,1.2505552149377763e-12
{392},366.99999999998784,291.9999999999879,280.47586059569073,292.00000000001234,279.7651367187627,206.31649780274662,367.00000000001336,204.62295532225204,7518.007917573312,359.99999999998386
{393},366.99999999998784,291.9999999999879,280.47586059569073,292.00000000001234,279.7651367187627,206.31649780274662,367.00000000001336,204.62295532225204,7518.007917573312,359.99999999998386
{394},366.9999999999929,291.9999999999929,279.9999999999934,292.0000000000065,280.0000000000072,206.25907897949926,367.0000000000072,204.5977020263599,7531.730026245059,359.9999999999911
{395},366.9999999999929,291.9999999999929,279.9999999999934,292.0000000000065,280.0000000000072,206.25907897949926,367.0000000000072,204.5977020263599,7531.730026245059,359.9999999999911
{396},366.9999999999969,291.99999999999693,279.99999999999596,292.0000000000041,280.00000000000415,206.21810913086338,367.00000000000347,204.58660888671523,7533.994766235359,359.9999999999953
{397},366.9999999999892,291.99999999998926,279.999999999989,292.0000000000109,280.0000000000105,206.14810180665094,367.00000000001086,204.57859802245,7537.388557434155,359.9999999999858
{398},366.9999999999892,291.99999999998926,279.999999999989,292.0000000000109,280.0000000000105,206.14810180665094,367.00000000001086,204.57859802245,7537.388557434155,359.9999999999858
{399},366.9999999999906,291.99999999999073,279.9999999999906,292.0000000000094,280.0000000000095,206.06785583497017,367.00000000000944,204.58090209959985,7540.779029846199,359.9999999999877
{400},366.9999999999906,291.99999999999073,279.9999999999906,292.0000000000094,280.0000000000095,206.06785583497017,367.00000000000944,204.58090209959985,7540.779029846199,359.9999999999877
{401},367.0000000000021,292.0000000000021,280.0000000000011,291.9999999999989,279.9999999999985,206.0086822509751,366.99999999999795,204.58816528320517,7543.03713226322,2.0463630789890885e-12
{402},366.99999999999767,291.9999999999977,279.99999999999704,292.000000000003,280.0000000000027,205.94502258301037,367.0000000000028,204.59997558593471,7545.292579650959,359.9999999999965
{403},366.99999999999767,291.9999999999977,279.99999999999704,292.000000000003,280.0000000000027,205.94502258301037,367.0000000000028,204.59997558593471,7545.292579650959,359.9999999999965
{404},366.9999999999957,291.99999999999574,279.9999999999952,292.0000000000047,280.00000000000455,205.8768768310592,367.00000000000466,204.61631774901878,7547.546035766645,359.9999999999941
{405},366.9999999999957,291.99999999999574,279.9999999999952,292.0000000000047,280.00000000000455,205.8768768310592,367.00000000000466,204.61631774901878,7547.546035766645,359.9999999999941
{406},367.00000000000466,292.00000000000466,280.0000000000041,291.9999999999959,279.99999999999574,205.80426025390207,366.99999999999574,204.6371917724653,7549.796836853078,5.7411853049416095e-12
{407},367.01367187498926,291.99999999998937,279.9999999999887,292.0000000000113,280.0000000000115,205.77523803712072,366.9748229980576,204.63301086424693,7550.752967567649,359.99999999998556
{408},367.01367187498926,291.99999999998937,279.9999999999887,292.0000000000113,280.0000000000115,205.77523803712072,366.9748229980576,204.63301086424693,7550.752967567649,359.99999999998556
{409},367.21350097657574,292.00000000001313,280.0000000000122,291.9999999999878,279.9999999999876,205.6953277587769,366.57443237303414,204.66661071778643,7544.214320938379,1.6655121726216748e-11
{410},367.21350097657574,292.00000000001313,280.0000000000122,291.9999999999878,279.9999999999876,205.6953277587769,366.57443237303414,204.66661071778643,7544.214320938379,1.6655121726216748e-11
{411},367.3738098144564,292.00000000000324,280.0000000000032,291.9999999999969,279.9999999999968,205.61088562011403,366.15475463866875,204.70401000976884,7535.108089911075,4.206412995699793e-12
{412},367.3738098144564,292.00000000000324,280.0000000000032,291.9999999999969,279.9999999999968,205.61088562011403,366.15475463866875,204.70401000976884,7535.108089911075,4.206412995699793e-12
{413},367.4213867187535,292.0000000000034,280.03646850586284,291.9999999999965,279.9319152832005,205.59384155273173,365.8466796874973,204.71061706543253,7525.716339317376,4.547473508864641e-12
{414},367.4213867187535,292.0000000000034,280.03646850586284,291.9999999999965,279.9319152832005,205.59384155273173,365.8466796874973,204.71061706543253,7525.716339317376,4.547473508864641e-12
{415},367.2391662597696,292.0000000000039,280.4092407226606,291.9999999999955,279.0044860839799,205.51539611815969,365.5868225097619,204.7492218017616,7532.546964940382,5.5706550483591855e-12
{416},366.7662963867101,291.9999999999914,280.2686462402255,292.0000000000091,278.5892028808691,205.47315979004853,365.64636230469625,204.7683410644442,7539.649071015665,359.9999999999883
{417},366.7662963867101,291.9999999999914,280.2686462402255,292.0000000000091,278.5892028808691,205.47315979004853,365.64636230469625,204.7683410644442,7539.649071015665,359.9999999999883
{418},365.99999999999505,291.9999999999951,279.65365600585415,292.00000000000523,278.68252563477023,205.42546081543423,366.00000000000387,204.7864990234336,7545.32878869422,359.9999999999933
{419},366.0000000000051,292.0000000000052,279.00000000000466,291.9999999999954,278.9999999999952,205.27668762206557,365.9999999999952,204.85610961914537,7563.223320007382,6.480149750132114e-12
{420},366.0000000000051,292.0000000000052,279.00000000000466,291.9999999999954,278.9999999999952,205.27668762206557,365.9999999999952,204.85610961914537,7563.223320007382,6.480149750132114e-12
{421},366.00000000000506,291.96405029297387,279.00000000000483,292.0666503906201,278.999999999996,205.1207275390586,365.99999999999545,204.93545532227023,7567.891525268504,359.9324304615228
{422},366.00000000000506,291.96405029297387,279.00000000000483,292.0666503906201,278.999999999996,205.1207275390586,365.99999999999545,204.93545532227023,7567.891525268504,359.9324304615228
{423},365.99999999999966,291.8561096191403,279.0000000000003,292.27667236328097,279.00000000000034,205.00000000000037,365.99999999999966,205.00000000000037,7574.776016235235,359.723031234871
{424},365.99999999999966,291.8561096191403,279.0000000000003,292.27667236328097,279.00000000000034,205.00000000000037,365.99999999999966,205.00000000000037,7574.776016235235,359.723031234871
{425},366.0000000000128,291.76547241212205,279.0000000000121,292.46981811522215,278.9999999999874,204.99999999998735,365.9999999999877,205.00000000001236,7579.235137939555,359.53614765010104
{426},366.0000000000128,291.76547241212205,279.0000000000121,292.46981811522215,278.9999999999874,204.99999999998735,365.9999999999877,205.00000000001236,7579.235137939555,359.53614765010104
{427},365.9999999999905,291.6769409179593,278.9999999999903,292.687042236338,279.0000000000101,205.0000000000101,366.00000000000927,204.99999999999073,7584.833267211878,359.3348052628845
{428},366.0000000000035,291.5935058593784,279.0000000000034,292.97741699218403,278.99999999999693,204.9999999999968,365.999999999996,205.00000000000404,7593.835144042881,359.08867149101894
{429},366.0000000000035,291.5935058593784,279.0000000000034,292.97741699218403,278.99999999999693,204.9999999999968,365.999999999996,205.00000000000404,7593.835144042881,359.08867149101894
{430},366.0000000000046,291.5915832519576,279.00000000000506,293.23916625976045,278.9999999999953,204.9999999999952,365.9999999999958,205.0000000000042,7605.137603759758,358.9150773553036
{431},366.0000000000046,291.5915832519576,279.00000000000506,293.23916625976045,278.9999999999953,204.9999999999952,365.9999999999958,205.0000000000042,7605.137603759758,358.9150773553036
{432},365.9999999999847,291.76083374021925,278.99999999998533,293.408416748062,279.00000000001506,205.22573852540572,366.0000000000151,204.88148498533627,7615.198173522898,358.9150773552773
{433},365.9999999999847,291.76083374021925,278.99999999998533,293.408416748062,279.00000000001506,205.22573852540572,366.0000000000151,204.88148498533627,7615.198173522898,358.9150773552773
{434},365.99999999999795,292.02258300781057,278.9999999999986,293.4064941406265,279.00000000000136,205.37538146972798,366.00000000000284,204.80860900878614,7623.161270141689,359.0886714910122
{435},366.0000000000098,292.44003295899427,279.00000000001097,293.27325439452,278.99999999999,205.60342407225562,365.99999999999045,204.709030151377,7629.936241149837,359.45128032067703
{436},366.0000000000098,292.44003295899427,279.00000000001097,293.27325439452,278.99999999999,205.60342407225562,365.99999999999045,204.709030151377,7629.936241149837,359.45128032067703
{437},366.0000000000089,293.00000000000904,279.000000000008,292.9999999999918,278.99999999999113,205.91149902342866,365.9999999999913,204.6075744628995,7633.420303344814,1.1368683772161603e-11
{438},366.0000000000089,293.00000000000904,279.000000000008,292.9999999999918,278.99999999999113,205.91149902342866,365.9999999999913,204.6075744628995,7633.420303344814,1.1368683772161603e-11
{439},365.9999999999906,292.99999999999045,278.9999999999914,293.0000000000087,279.0000000000087,206.19592285157108,366.0000000000089,204.58279418944403,7622.125808715769,359.99999999998795
{440},365.9999999999906,292.99999999999045,278.9999999999914,293.0000000000087,279.0000000000087,206.19592285157108,366.0000000000089,204.58279418944403,7622.125808715769,359.99999999998795
{441},366.00000000001154,293.0000000000117,279.0000000000111,292.99999999998875,278.999999999989,206.39503479002818,365.9999999999891,204.72215270997225,7607.402343750058,1.5120349416974932e-11
{442},366.00000000001154,293.0000000000117,279.0000000000111,292.99999999998875,278.999999999989,206.39503479002818,365.9999999999891,204.72215270997225,7607.402343750058,1.5120349416974932e-11
{443},365.99999999999596,292.99999999999596,278.999999999996,293.000000000004,279.000000000004,206.42140197754298,366.00000000000415,204.8518981933551,7600.611442565903,359.99999999999477
{444},365.99999999999596,292.99999999999596,278.999999999996,293.000000000004,279.000000000004,206.42140197754298,366.00000000000415,204.8518981933551,7600.611442565903,359.99999999999477
{445},366.0000000000028,293.00000000000273,279.00000000000256,292.9999999999975,278.9999999999977,206.41720581054457,365.99999999999727,204.80407714844023,7602.874191284143,3.410605131648481e-12
{446},366.0000000000028,293.00000000000273,279.00000000000256,292.9999999999975,278.9999999999977,206.41720581054457,365.99999999999727,204.80407714844023,7602.874191284143,3.410605131648481e-12
{447},365.99999999999227,292.99999999999227,278.9999999999929,293.0000000000073,279.0000000000077,206.42176818848418,366.00000000000716,204.87751770018798,7599.481063842701,359.9999999999901
{448},365.99999999999983,292.9999999999998,279.00000000000074,292.99999999999926,278.9999999999997,206.42256164550747,366.0000000000002,204.87605285644514,7599.510269164981,3.410605131648481e-13
{449},365.99999999999983,292.9999999999998,279.00000000000074,292.99999999999926,278.9999999999997,206.42256164550747,366.0000000000002,204.87605285644514,7599.510269164981,3.410605131648481e-13
{450},365.99999999999255,292.9999999999926,279.39242553710176,293.00000000000773,278.09475708008654,206.41813659668782,366.0000000000072,204.71194458007088,7629.814070227265,359.99999999999
{451},365.99999999999255,292.9999999999926,279.39242553710176,293.00000000000773,278.09475708008654,206.41813659668782,366.0000000000072,204.71194458007088,7629.814070227265,359.99999999999
{452},365.999999999998,292.99999999999795,279.1725769042949,293.00000000000205,277.5865173339861,206.34846496582196,366.0000000000036,204.60690307616824,7669.435518487757,359.99999999999727
{453},365.999999999998,292.99999999999795,279.1725769042949,293.00000000000205,277.5865173339861,206.34846496582196,366.0000000000036,204.60690307616824,7669.435518487757,359.99999999999727
{454},366.0000000000103,293.0000000000103,278.0000000000102,292.9999999999898,277.99999999998965,206.09571838377897,365.99999999998994,204.56156921387748,7715.079345703161,1.3301360013429075e-11
{455},366.0000000000103,293.0000000000103,278.0000000000102,292.9999999999898,277.99999999998965,206.09571838377897,365.99999999998994,204.56156921387748,7715.079345703161,1.3301360013429075e-11
{456},366.00000000000114,293.00000000000114,278.0000000000008,292.9999999999992,277.9999999999986,205.2328643798814,365.9999999999981,204.8757476806659,7739.221069335952,1.2505552149377763e-12
{457},366.00000000000114,293.00000000000114,278.0000000000008,292.9999999999992,277.9999999999986,205.2328643798814,365.9999999999981,204.8757476806659,7739.221069335952,1.2505552149377763e-12
{458},366.438415527347,293.00000000000324,278.00000000000404,292.99999999999596,277.99999999999693,204.99999999999687,364.9042663574182,205.00000000000387,7715.078002929535,4.718003765447065e-12
{459},365.57681274414966,293.00000000000904,278.0000000000097,292.99999999999017,277.99999999999005,204.99999999998994,364.7136535644434,205.0000000000099,7668.780517578074,1.233502189279534e-11
{460},365.57681274414966,293.00000000000904,278.0000000000097,292.99999999999017,277.99999999999005,204.99999999998994,364.7136535644434,205.0000000000099,7668.780517578074,1.233502189279534e-11
{461},364.9999999999948,292.99999999999477,277.9999999999944,293.0000000000056,278.0000000000051,205.00000000000517,365.0000000000055,204.99999999999446,7656.000000000036,359.99999999999284
{462},364.9999999999948,292.99999999999477,277.9999999999944,293.0000000000056,278.0000000000051,205.00000000000517,365.0000000000055,204.99999999999446,7656.000000000036,359.99999999999284
{463},364.9999999999948,292.99999999999477,277.9999999999944,293.0000000000056,278.0000000000051,205.00000000000517,365.0000000000055,204.99999999999446,7656.000000000036,359.99999999999284
{464},364.9999999999948,292.99999999999477,277.9999999999944,293.0000000000056,278.0000000000051,205.00000000000517,365.0000000000055,204.99999999999446,7656.000000000036,359.99999999999284
{465},364.9999999999948,292.99999999999477,277.9999999999944,293.0000000000056,278.0000000000051,205.00000000000517,365.0000000000055,204.99999999999446,7656.000000000036,359.99999999999284
{466},364.9999999999948,292.99999999999477,277.9999999999944,293.0000000000056,278.0000000000051,205.00000000000517,365.0000000000055,204.99999999999446,7656.000000000036,359.99999999999284
{467},364.9999999999948,292.99999999999477,277.9999999999944,293.0000000000056,278.0000000000051,205.00000000000517,365.0000000000055,204.99999999999446,7656.000000000036,359.99999999999284
{468},364.9999999999948,292.99999999999477,277.9999999999944,293.0000000000056,278.0000000000051,205.00000000000517,365.0000000000055,204.99999999999446,7656.000000000036,359.99999999999284
{469},364.9999999999948,292.99999999999477,277.9999999999944,293.0000000000056,278.0000000000051,205.00000000000517,365.0000000000055,204.99999999999446,7656.000000000036,359.99999999999284
{470},364.9999999999948,292.99999999999477,277.9999999999944,293.0000000000056,278.0000000000051,205.00000000000517,365.0000000000055,204.99999999999446,7656.000000000036,359.99999999999284
{471},364.9999999999948,292.99999999999477,277.9999999999944,293.0000000000056,278.0000000000051,205.00000000000517,365.0000000000055,204.99999999999446,7656.000000000036,359.99999999999284
{472},364.9999999999948,292.99999999999477,277.9999999999944,293.0000000000056,278.0000000000051,205.00000000000517,365.0000000000055,204.99999999999446,7656.000000000036,359.99999999999284
{473},364.9999999999948,292.99999999999477,277.9999999999944,293.0000000000056,278.0000000000051,205.00000000000517,365.0000000000055,204.99999999999446,7656.000000000036,359.99999999999284
{474},364.9999999999948,292.99999999999477,277.9999999999944,293.0000000000056,278.0000000000051,205.00000000000517,365.0000000000055,204.99999999999446,7656.000000000036,359.99999999999284
{475},364.9999999999948,292.99999999999477,277.9999999999944,293.0000000000056,278.0000000000051,205.00000000000517,365.0000000000055,204.99999999999446,7656.000000000036,359.99999999999284
{476},364.9999999999948,292.99999999999477,277.9999999999944,293.0000000000056,278.0000000000051,205.00000000000517,365.0000000000055,204.99999999999446,7656.000000000036,359.99999999999284
{477},364.9999999999948,292.99999999999477,277.9999999999944,293.0000000000056,278.0000000000051,205.00000000000517,365.0000000000055,204.99999999999446,7656.000000000036,359.99999999999284
{478},364.9999999999948,292.99999999999477,277.9999999999944,293.0000000000056,278.0000000000051,205.00000000000517,365.0000000000055,204.99999999999446,7656.000000000036,359.99999999999284
{479},364.9999999999948,292.99999999999477,277.9999999999944,293.0000000000056,278.0000000000051,205.00000000000517,365.0000000000055,204.99999999999446,7656.000000000036,359.99999999999284
{480},364.9999999999948,292.99999999999477,277.9999999999944,293.0000000000056,278.0000000000051,205.00000000000517,365.0000000000055,204.99999999999446,7656.000000000036,359.99999999999284
{481},364.9999999999948,292.99999999999477,277.9999999999944,293.0000000000056,278.0000000000051,205.00000000000517,365.0000000000055,204.99999999999446,7656.000000000036,359.99999999999284
{482},364.9999999999948,292.99999999999477,277.9999999999944,293.0000000000056,278.0000000000051,205.00000000000517,365.0000000000055,204.99999999999446,7656.000000000036,359.99999999999284
{483},364.9999999999948,292.99999999999477,277.9999999999944,293.0000000000056,278.0000000000051,205.00000000000517,365.0000000000055,204.99999999999446,7656.000000000036,359.99999999999284
{484},364.9999999999948,292.99999999999477,277.9999999999944,293.0000000000056,278.0000000000051,205.00000000000517,365.0000000000055,204.99999999999446,7656.000000000036,359.99999999999284
{485},364.9999999999948,292.99999999999477,277.9999999999944,293.0000000000056,278.0000000000051,205.00000000000517,365.0000000000055,204.99999999999446,7656.000000000036,359.99999999999284
{486},364.9999999999948,292.99999999999477,277.9999999999944,293.0000000000056,278.0000000000051,205.00000000000517,365.0000000000055,204.99999999999446,7656.000000000036,359.99999999999284
{487},364.9999999999948,292.99999999999477,277.9999999999944,293.0000000000056,278.0000000000051,205.00000000000517,365.0000000000055,204.99999999999446,7656.000000000036,359.99999999999284
{488},364.9999999999948,292.99999999999477,277.9999999999944,293.0000000000056,278.0000000000051,205.00000000000517,365.0000000000055,204.99999999999446,7656.000000000036,359.99999999999284
{489},364.9999999999948,292.99999999999477,277.9999999999944,293.0000000000056,278.0000000000051,205.00000000000517,365.0000000000055,204.99999999999446,7656.000000000036,359.99999999999284
{490},364.9999999999948,292.99999999999477,277.9999999999944,293.0000000000056,278.0000000000051,205.00000000000517,365.0000000000055,204.99999999999446,7656.000000000036,359.99999999999284
{491},364.9999999999948,292.99999999999477,277.9999999999944,293.0000000000056,278.0000000000051,205.00000000000517,365.0000000000055,204.99999999999446,7656.000000000036,359.99999999999284
{492},364.9999999999948,292.99999999999477,277.9999999999944,293.0000000000056,278.0000000000051,205.00000000000517,365.0000000000055,204.99999999999446,7656.000000000036,359.99999999999284
{493},364.9999999999948,292.99999999999477,277.9999999999944,293.0000000000056,278.0000000000051,205.00000000000517,365.0000000000055,204.99999999999446,7656.000000000036,359.99999999999284
{494},364.9999999999948,292.99999999999477,277.9999999999944,293.0000000000056,278.0000000000051,205.00000000000517,365.0000000000055,204.99999999999446,7656.000000000036,359.99999999999284
{495},364.9999999999948,292.99999999999477,277.9999999999944,293.0000000000056,278.0000000000051,205.00000000000517,365.0000000000055,204.99999999999446,7656.000000000036,359.99999999999284
{496},364.9999999999948,292.99999999999477,277.9999999999944,293.0000000000056,278.0000000000051,205.00000000000517,365.0000000000055,204.99999999999446,7656.000000000036,359.99999999999284
{497},365.00000000001415,293.0000000000143,278.06765747071785,292.999999999985,277.8754272460792,204.99999999998525,364.9999999999848,205.00000000001538,7658.504272460828,1.9326762412674725e-11
{498},364.999999999989,292.9999999999889,278.3222656249894,293.00000000001074,277.33511352540137,205.00000000001071,365.0000000000107,204.99999999998914,7671.075317382791,359.99999999998556
{499},364.999999999989,292.9999999999889,278.3222656249894,293.00000000001074,277.33511352540137,205.00000000001071,365.0000000000107,204.99999999998914,7671.075317382791,359.99999999998556
{500},365.00000000000676,293.0000000000068,278.4309997558661,292.9999999999931,276.96432495116426,204.99999999999244,364.9999999999926,205.00000000000745,7682.60571289061,9.094947017729282e-12
{501},365.00000000000676,293.0000000000068,278.4309997558661,292.9999999999931,276.96432495116426,204.99999999999244,364.9999999999926,205.00000000000745,7682.60571289061,9.094947017729282e-12
{502},364.99999999998875,292.99999999998875,278.41223144530164,293.0000000000111,276.6933288574332,205.00000000001108,365.00000000001097,204.99999999998892,7695.355346679658,359.9999999999852
{503},365.00000000000074,293.0000000000007,278.247161865235,292.9999999999994,276.56817626953136,205.0000000000001,365.0000000000003,204.99999999999977,7708.125122070342,8.526512829121202e-13
{504},365.00000000000074,293.0000000000007,278.247161865235,292.9999999999994,276.56817626953136,205.0000000000001,365.0000000000003,204.99999999999977,7708.125122070342,8.526512829121202e-13
{505},365.0000000000083,293.00000000000836,277.9709167480553,292.9999999999914,276.5812377929606,204.99999999999193,364.9999999999917,205.00000000000827,7719.705200195276,1.1141310096718371e-11
{506},365.0000000000083,293.00000000000836,277.9709167480553,292.9999999999914,276.5812377929606,204.99999999999193,364.9999999999917,205.00000000000827,7719.705200195276,1.1141310096718371e-11
{507},364.999999999988,292.9999999999879,277.57681274412886,293.0000000000118,276.71365356446586,205.00000000001262,365.0000000000122,204.99999999998784,7731.219482421824,359.9999999999843
{508},364.999999999988,292.9999999999879,277.57681274412886,293.0000000000118,276.71365356446586,205.00000000001262,365.0000000000122,204.99999999998784,7731.219482421824,359.9999999999843
{509},364.9999999999231,292.99999999992315,277.0258178710167,293.00000000007714,276.98565673835924,205.000000000078,365.0000000000773,204.99999999992264,7743.495117187464,359.9999999998997
{510},364.9999999999963,292.9999999999963,276.9999999999967,293.00000000000324,277.0000000000035,205.00000000000344,365.000000000003,204.99999999999696,7743.999999999905,359.9999999999955
{511},364.9999999999963,292.9999999999963,276.9999999999967,293.00000000000324,277.0000000000035,205.00000000000344,365.000000000003,204.99999999999696,7743.999999999905,359.9999999999955
{512},364.9999999999963,292.9999999999963,276.9999999999967,293.00000000000324,277.0000000000035,205.00000000000344,365.000000000003,204.99999999999696,7743.999999999905,359.9999999999955
{513},364.9999999999963,292.9999999999963,276.9999999999967,293.00000000000324,277.0000000000035,205.00000000000344,365.000000000003,204.99999999999696,7743.999999999905,359.9999999999955
{514},364.9999999999963,292.9999999999963,276.9999999999967,293.00000000000324,277.0000000000035,205.00000000000344,365.000000000003,204.99999999999696,7743.999999999905,359.9999999999955
{515},364.9999999999963,292.9999999999963,276.9999999999967,293.00000000000324,277.0000000000035,205.00000000000344,365.000000000003,204.99999999999696,7743.999999999905,359.9999999999955
{516},365.0000000000006,293.0000000000006,277.0000000000007,292.9999999999994,276.9999999999994,204.99999999999935,364.9999999999993,205.00000000000065,7743.999999999993,7.958078640513122e-13
{517},365.03768920895584,292.999999999971,276.9999999999712,293.0000000000289,277.00000000002836,205.0000000000278,364.931182861356,204.99999999997226,7742.630371093728,359.99999999996237
{518},365.03768920895584,292.999999999971,276.9999999999712,293.0000000000289,277.00000000002836,205.0000000000278,364.931182861356,204.99999999997226,7742.630371093728,359.99999999996237
{519},365.1508483886708,292.99999999999886,276.99999999999903,293.00000000000097,277.00000000000085,205.00000000000082,364.7146606445318,204.99999999999943,7738.082397460879,359.99999999999864
{520},365.22378540039034,292.99999999999966,276.9999999999997,293.0000000000004,276.99999999999966,204.99999999999966,364.5638427734374,205.0000000000001,7734.655639648459,359.99999999999955
{521},365.22378540039034,292.99999999999966,276.9999999999997,293.0000000000004,276.99999999999966,204.99999999999966,364.5638427734374,205.0000000000001,7734.655639648459,359.99999999999955
{522},365.3222656250019,293.0000000000019,277.0000000000023,292.99999999999767,276.9999999999977,204.99999999999775,364.33511352538795,205.00000000000279,7728.9246826171,2.7284841053187847e-12
{523},365.3222656250019,293.0000000000019,277.0000000000023,292.99999999999767,276.9999999999977,204.99999999999775,364.33511352538795,205.00000000000279,7728.9246826171,2.7284841053187847e-12
{524},365.41085815430404,293.0000000000071,277.0000000000073,292.99999999999267,276.9999999999922,204.9999999999922,364.06326293944545,205.00000000000782,7720.861328124971,9.322320693172514e-12
{525},365.438415527347,293.00000000000324,277.00000000000404,292.99999999999596,276.9999999999969,204.99999999999687,363.9042663574181,205.00000000000387,7715.078002929542,4.718003765447065e-12
{526},365.438415527347,293.00000000000324,277.00000000000404,292.99999999999596,276.9999999999969,204.99999999999687,363.9042663574181,205.00000000000387,7715.078002929542,4.718003765447065e-12
{527},365.4359436035231,293.0000000000074,277.0000000000074,292.9999999999925,276.99999999999267,204.99999999999264,363.77508544921125,205.00000000000776,7709.285278320305,9.663381206337363e-12
{528},365.4359436035231,293.0000000000074,277.0000000000074,292.9999999999925,276.99999999999267,204.99999999999264,363.77508544921125,205.00000000000776,7709.285278320305,9.663381206337363e-12
{529},365.39309692383205,293.00000000000387,277.00000000000455,292.9999999999955,276.99999999999625,204.99999999999622,363.65966796874613,205.00000000000398,7702.321655273365,5.4569682106375694e-12
{530},365.39309692383205,293.00000000000387,277.00000000000455,292.9999999999955,276.99999999999625,204.99999999999622,363.65966796874613,205.00000000000398,7702.321655273365,5.4569682106375694e-12
{531},365.3066711425668,292.99999999998886,276.99999999998903,293.0000000000111,277.0000000000113,205.0000000000113,363.58776855469836,204.99999999998883,7695.355346679658,359.99999999998556
{532},365.22491455078125,293.0,276.99999999999983,293.00000000000006,277.00000000000034,205.00000000000028,363.5640563964851,204.99999999999932,7690.714721679738,360.0
{533},365.22491455078125,293.0,276.99999999999983,293.00000000000006,277.00000000000034,205.00000000000028,363.5640563964851,204.99999999999932,7690.714721679738,360.0
{534},365.0957336425831,293.00000000000495,277.00000000000483,292.9999999999951,276.9999999999959,204.99999999999585,363.56158447265284,205.00000000000347,7684.9219970703925,6.366462912410498e-12
{535},365.0957336425831,293.00000000000495,277.00000000000483,292.9999999999951,276.9999999999959,204.99999999999585,363.56158447265284,205.00000000000347,7684.9219970703925,6.366462912410498e-12
{536},364.93673706055193,293.000000000005,277.00000000000534,292.9999999999946,276.99999999999477,204.9999999999947,363.5891418456969,205.00000000000637,7679.138671874862,6.764366844436154e-12
{537},364.93673706055193,293.000000000005,277.00000000000534,292.9999999999946,276.99999999999477,204.9999999999947,363.5891418456969,205.00000000000637,7679.138671874862,6.764366844436154e-12
{538},364.7883911132906,293.0000000000092,277.000000000009,292.9999999999909,276.9999999999899,204.99999999998977,363.6326904296776,205.00000000001012,7674.52758789064,1.1937117960769683e-11
{539},364.62142944333993,292.99999999998056,276.9999999999798,293.0000000000204,277.00000000002035,205.00000000002052,363.6950988769736,204.99999999997917,7669.927246093845,359.99999999997397
{540},364.62142944333993,292.99999999998056,276.9999999999798,293.0000000000204,277.00000000002035,205.00000000002052,363.6950988769736,204.99999999997917,7669.927246093845,359.99999999997397
{541},364.4841613769588,293.0000000000057,277.00000000000597,292.9999999999939,276.9999999999944,204.99999999999434,363.7542114257764,205.00000000000495,7666.48840332032,7.73070496506989e-12
{542},364.4841613769588,293.0000000000057,277.00000000000597,292.9999999999939,276.9999999999944,204.99999999999434,363.7542114257764,205.00000000000495,7666.48840332032,7.73070496506989e-12
{543},364.28533935545335,292.9999999999846,276.9999999999838,293.00000000001637,277.00000000001506,205.00000000001526,363.84915161134444,204.99999999998334,7661.917602539259,359.9999999999792
{544},364.28533935545335,292.9999999999846,276.9999999999838,293.00000000001637,277.00000000001506,205.00000000001526,363.84915161134444,204.99999999998334,7661.917602539259,359.9999999999792
{545},364.1245727539209,293.0000000000147,277.00000000001523,292.99999999998465,276.9999999999858,204.99999999998562,363.93234252928215,205.00000000001486,7658.504272460836,1.978150976356119e-11
{546},364.00598144530375,292.99999999999113,276.99999999999017,293.00000000000995,277.0000000000104,205.00000000001052,363.9967346191506,204.9999999999899,7656.119506835974,359.9999999999876
{547},364.00598144530375,292.99999999999113,276.99999999999017,293.00000000000995,277.0000000000104,205.00000000001052,363.9967346191506,204.9999999999899,7656.119506835974,359.9999999999876
{548},363.9999999999948,292.99999999999477,276.99999999999443,293.0000000000056,277.0000000000051,205.00000000000517,364.00000000000557,204.99999999999446,7656.000000000073,359.99999999999284
{549},363.9999999999948,292.99999999999477,276.99999999999443,293.0000000000056,277.0000000000051,205.00000000000517,364.00000000000557,204.99999999999446,7656.000000000073,359.99999999999284
{550},363.9999999999948,292.99999999999477,276.99999999999443,293.0000000000056,277.0000000000051,205.00000000000517,364.00000000000557,204.99999999999446,7656.000000000073,359.99999999999284
{551},363.9999999999948,292.99999999999477,276.99999999999443,293.0000000000056,277.0000000000051,205.00000000000517,364.00000000000557,204.99999999999446,7656.000000000073,359.99999999999284
{552},363.9999999999948,292.99999999999477,276.99999999999443,293.0000000000056,277.0000000000051,205.00000000000517,364.00000000000557,204.99999999999446,7656.000000000073,359.99999999999284
{553},363.9999999999948,292.99999999999477,276.99999999999443,293.0000000000056,277.0000000000051,205.00000000000517,364.00000000000557,204.99999999999446,7656.000000000073,359.99999999999284
{554},363.9999999999948,292.99999999999477,276.99999999999443,293.0000000000056,277.0000000000051,205.00000000000517,364.00000000000557,204.99999999999446,7656.000000000073,359.99999999999284
{555},363.9999999999948,292.99999999999477,276.99999999999443,293.0000000000056,277.0000000000051,205.00000000000517,364.00000000000557,204.99999999999446,7656.000000000073,359.99999999999284
{556},363.9999999999948,292.99999999999477,276.99999999999443,293.0000000000056,277.0000000000051,205.00000000000517,364.00000000000557,204.99999999999446,7656.000000000073,359.99999999999284
{557},363.9999999999948,292.99999999999477,276.99999999999443,293.0000000000056,277.0000000000051,205.00000000000517,364.00000000000557,204.99999999999446,7656.000000000073,359.99999999999284
{558},363.9999999999948,292.99999999999477,276.99999999999443,293.0000000000056,277.0000000000051,205.00000000000517,364.00000000000557,204.99999999999446,7656.000000000073,359.99999999999284
{559},363.9999999999948,292.99999999999477,276.99999999999443,293.0000000000056,277.0000000000051,205.00000000000517,364.00000000000557,204.99999999999446,7656.000000000073,359.99999999999284
{560},363.9999999999948,292.99999999999477,276.99999999999443,293.0000000000056,277.0000000000051,205.00000000000517,364.00000000000557,204.99999999999446,7656.000000000073,359.99999999999284
{561},363.9999999999948,292.99999999999477,276.99999999999443,293.0000000000056,277.0000000000051,205.00000000000517,364.00000000000557,204.99999999999446,7656.000000000073,359.99999999999284
{562},363.9999999999948,292.99999999999477,276.99999999999443,293.0000000000056,277.0000000000051,205.00000000000517,364.00000000000557,204.99999999999446,7656.000000000073,359.99999999999284
{563},363.9999999999948,292.99999999999477,276.99999999999443,293.0000000000056,277.0000000000051,205.00000000000517,364.00000000000557,204.99999999999446,7656.000000000073,359.99999999999284
{564},363.9999999999948,292.99999999999477,276.99999999999443,293.0000000000056,277.0000000000051,205.00000000000517,364.00000000000557,204.99999999999446,7656.000000000073,359.99999999999284
{565},363.9999999999948,292.99999999999477,276.99999999999443,293.0000000000056,277.0000000000051,205.00000000000517,364.00000000000557,204.99999999999446,7656.000000000073,359.99999999999284
{566},363.9999999999948,292.99999999999477,276.99999999999443,293.0000000000056,277.0000000000051,205.00000000000517,364.00000000000557,204.99999999999446,7656.000000000073,359.99999999999284
{567},363.9999999999948,292.99999999999477,276.99999999999443,293.0000000000056,277.0000000000051,205.00000000000517,364.00000000000557,204.99999999999446,7656.000000000073,359.99999999999284
{568},363.9999999999948,292.99999999999477,276.99999999999443,293.0000000000056,277.0000000000051,205.00000000000517,364.00000000000557,204.99999999999446,7656.000000000073,359.99999999999284
{569},364.0000000000008,293.0000000000008,277.00000000000017,292.9999999999998,276.9999999999991,204.99999999999903,363.99999999999983,205.00000000000023,7656.000000000102,6.821210263296962e-13
{570},364.0000000000008,293.0000000000008,277.00000000000017,292.9999999999998,276.9999999999991,204.99999999999903,363.99999999999983,205.00000000000023,7656.000000000102,6.821210263296962e-13
{571},364.0000000000008,293.0000000000008,277.00000000000017,292.9999999999998,276.9999999999991,204.99999999999903,363.99999999999983,205.00000000000023,7656.000000000102,6.821210263296962e-13
{572},364.0000000000008,293.0000000000008,277.00000000000017,292.9999999999998,276.9999999999991,204.99999999999903,363.99999999999983,205.00000000000023,7656.000000000102,6.821210263296962e-13
{573},364.0000000000008,293.0000000000008,277.00000000000017,292.9999999999998,276.9999999999991,204.99999999999903,363.99999999999983,205.00000000000023,7656.000000000102,6.821210263296962e-13
{574},364.0000000000008,293.0000000000008,277.00000000000017,292.9999999999998,276.9999999999991,204.99999999999903,363.99999999999983,205.00000000000023,7656.000000000102,6.821210263296962e-13
{575},364.0000000000008,293.0000000000008,277.00000000000017,292.9999999999998,276.9999999999991,204.99999999999903,363.99999999999983,205.00000000000023,7656.000000000102,6.821210263296962e-13
{576},364.0000000000008,293.0000000000008,277.00000000000017,292.9999999999998,276.9999999999991,204.99999999999903,363.99999999999983,205.00000000000023,7656.000000000102,6.821210263296962e-13
{577},364.0000000000008,293.0000000000008,277.00000000000017,292.9999999999998,276.9999999999991,204.99999999999903,363.99999999999983,205.00000000000023,7656.000000000102,6.821210263296962e-13
{578},364.0000000000008,293.0000000000008,277.00000000000017,292.9999999999998,276.9999999999991,204.99999999999903,363.99999999999983,205.00000000000023,7656.000000000102,6.821210263296962e-13
{579},364.0000000000008,293.0000000000008,277.00000000000017,292.9999999999998,276.9999999999991,204.99999999999903,363.99999999999983,205.00000000000023,7656.000000000102,6.821210263296962e-13
{580},364.0000000000008,293.0000000000008,277.00000000000017,292.9999999999998,276.9999999999991,204.99999999999903,363.99999999999983,205.00000000000023,7656.000000000102,6.821210263296962e-13
{581},364.0000000000008,293.0000000000008,277.00000000000017,292.9999999999998,276.9999999999991,204.99999999999903,363.99999999999983,205.00000000000023,7656.000000000102,6.821210263296962e-13
{582},364.0000000000008,293.0000000000008,277.00000000000017,292.9999999999998,276.9999999999991,204.99999999999903,363.99999999999983,205.00000000000023,7656.000000000102,6.821210263296962e-13
{583},364.0000000000008,293.0000000000008,277.00000000000017,292.9999999999998,276.9999999999991,204.99999999999903,363.99999999999983,205.00000000000023,7656.000000000102,6.821210263296962e-13
{584},364.0000000000008,293.0000000000008,277.00000000000017,292.9999999999998,276.9999999999991,204.99999999999903,363.99999999999983,205.00000000000023,7656.000000000102,6.821210263296962e-13
{585},364.0000000000008,293.0000000000008,277.00000000000017,292.9999999999998,276.9999999999991,204.99999999999903,363.99999999999983,205.00000000000023,7656.000000000102,6.821210263296962e-13
{586},364.0000000000008,293.0000000000008,277.00000000000017,292.9999999999998,276.9999999999991,204.99999999999903,363.99999999999983,205.00000000000023,7656.000000000102,6.821210263296962e-13
{587},363.99999999999477,292.99999999999477,276.99999999999454,293.00000000000557,277.0000000000053,205.00000000000531,364.00000000000557,204.99999999999434,7656.000000000029,359.9999999999929
{588},363.99999999999477,292.99999999999477,276.99999999999454,293.00000000000557,277.0000000000053,205.00000000000531,364.00000000000557,204.99999999999434,7656.000000000029,359.9999999999929
{589},363.99999999999477,292.99999999999477,276.99999999999454,293.00000000000557,277.0000000000053,205.00000000000531,364.00000000000557,204.99999999999434,7656.000000000029,359.9999999999929
{590},363.99999999999477,292.99999999999477,276.99999999999454,293.00000000000557,277.0000000000053,205.00000000000531,364.00000000000557,204.99999999999434,7656.000000000029,359.9999999999929
{591},363.99999999997846,292.99999999997823,277.0965270995868,293.0000000000229,276.8207397461155,205.00000000002194,364.0000000000223,204.99999999997752,7659.640258789215,359.99999999997056
{592},364.0000000000099,293.00000000001,277.1763000488374,292.9999999999905,276.6632690429574,204.99999999998857,363.99999999998977,205.00000000001046,7663.05895996109,1.2846612662542611e-11
{593},364.0000000000099,293.00000000001,277.1763000488374,292.9999999999905,276.6632690429574,204.99999999998857,363.99999999998977,205.00000000001046,7663.05895996109,1.2846612662542611e-11
{594},364.0000000000057,293.00000000000574,277.24578857422364,292.9999999999951,276.5158386230412,204.9999999999943,363.99999999999403,205.00000000000603,7666.488403320342,7.048583938740194e-12
{595},364.0000000000057,293.00000000000574,277.24578857422364,292.9999999999951,276.5158386230412,204.9999999999943,363.99999999999403,205.00000000000603,7666.488403320342,7.048583938740194e-12
{596},363.999999999989,292.9999999999889,277.3222656249894,293.00000000001074,276.33511352540137,205.00000000001071,364.00000000001074,204.99999999998914,7671.0753173828125,359.99999999998556
{597},363.999999999989,292.9999999999889,277.3222656249894,293.00000000001074,276.33511352540137,205.00000000001071,364.00000000001074,204.99999999998914,7671.0753173828125,359.99999999998556
{598},364.0000000000101,293.00000000001023,277.36730957032233,292.9999999999899,276.2116088867094,204.99999999999073,363.999999999991,205.00000000000912,7674.527587890647,1.34718902700115e-11
{599},364.0000000000101,293.00000000001023,277.36730957032233,292.9999999999899,276.2116088867094,204.99999999999073,363.999999999991,205.00000000000912,7674.527587890647,1.34718902700115e-11
{600},363.9999999999954,292.99999999999534,277.40176391601074,293.000000000005,276.098602294927,205.00000000000512,364.000000000005,204.99999999999494,7677.983886718772,359.99999999999363
{601},363.9999999999954,292.99999999999534,277.40176391601074,293.000000000005,276.098602294927,205.00000000000512,364.000000000005,204.99999999999494,7677.983886718772,359.99999999999363
{602},363.9999999999933,292.99999999999324,277.41876220702443,293.000000000007,276.02908325196023,205.00000000000705,364.0000000000078,204.99999999999213,7680.2947998047675,359.9999999999909
{603},364.00000000000676,293.0000000000068,277.430999755866,292.9999999999931,275.9643249511642,204.99999999999244,363.99999999999255,205.00000000000745,7682.605712890625,9.094947017729282e-12
{604},364.00000000000676,293.0000000000068,277.430999755866,292.9999999999931,275.9643249511642,204.99999999999244,363.99999999999255,205.00000000000745,7682.605712890625,9.094947017729282e-12
{605},364.0000000000041,293.0000000000041,277.43841552734716,292.9999999999964,275.90426635741693,204.99999999999505,363.9999999999952,205.0000000000049,7684.921997070363,5.059064278611913e-12
{606},364.00000000000375,293.00000000000375,277.44104003906654,292.99999999999596,275.84899902343403,204.9999999999965,363.99999999999574,205.00000000000426,7687.238281249905,5.115907697472721e-12
{607},364.00000000000375,293.00000000000375,277.44104003906654,292.99999999999596,275.84899902343403,204.9999999999965,363.99999999999574,205.00000000000426,7687.238281249905,5.115907697472721e-12
{608},363.9999999999982,292.9999999999983,277.44055175781085,293.0000000000017,275.8231506347673,205.00000000000162,364.0000000000006,204.99999999999935,7688.397094726453,359.9999999999977
{609},363.9999999999982,292.9999999999983,277.44055175781085,293.0000000000017,275.8231506347673,205.00000000000162,364.0000000000006,204.99999999999935,7688.397094726453,359.9999999999977
{610},363.99999999999966,292.99999999999966,277.43594360351494,293.00000000000074,275.7750854492187,204.99999999999997,364.00000000000006,204.9999999999999,7690.714721679746,359.9999999999993
{611},364.0000000000096,293.0000000000096,277.4318237304787,292.9999999999897,275.7528381347561,204.99999999999054,363.9999999999898,205.00000000001026,7691.874877929571,1.318767317570746e-11
{612},364.0000000000096,293.0000000000096,277.4318237304787,292.9999999999897,275.7528381347561,204.99999999999054,363.9999999999898,205.00000000001026,7691.874877929571,1.318767317570746e-11
{613},364.0000000000035,293.0000000000036,277.4265136718781,292.9999999999969,275.7317810058563,204.9999999999969,363.99999999999676,205.0000000000033,7693.03503417968,4.433786671143025e-12
{614},364.0000000000035,293.0000000000036,277.4265136718781,292.9999999999969,275.7317810058563,204.9999999999969,363.99999999999676,205.0000000000033,7693.03503417968,4.433786671143025e-12
{615},364.0000000000038,293.0000000000039,277.41998291016085,292.99999999999534,275.7119445800737,204.99999999999557,363.9999999999953,205.00000000000477,7694.195190429586,5.6843418860808015e-12
{616},364.0000000000038,293.0000000000039,277.41998291016085,292.99999999999534,275.7119445800737,204.99999999999557,363.9999999999953,205.00000000000477,7694.195190429586,5.6843418860808015e-12
{617},363.9999999999888,292.99999999998875,277.4122314453017,293.0000000000111,275.6933288574332,205.00000000001108,364.000000000011,204.99999999998892,7695.3553466796875,359.9999999999852
{618},363.9999999999965,292.9999999999964,277.40325927733994,293.000000000004,275.67590332031614,205.00000000000355,364.00000000000364,204.99999999999628,7696.516845703176,359.999999999995
{619},363.9999999999965,292.9999999999964,277.40325927733994,293.000000000004,275.67590332031614,205.00000000000355,364.00000000000364,204.99999999999628,7696.516845703176,359.999999999995
{620},364.00000000000216,293.00000000000216,277.39309692383006,292.99999999999795,275.6596679687473,204.99999999999739,363.9999999999979,205.00000000000205,7697.678344726628,2.7853275241795927e-12
{621},364.00000000000216,293.00000000000216,277.39309692383006,292.99999999999795,275.6596679687473,204.99999999999739,363.9999999999979,205.00000000000205,7697.678344726628,2.7853275241795927e-12
{622},364.00000000000216,293.00000000000216,277.39309692383006,292.99999999999795,275.6596679687473,204.99999999999739,363.9999999999979,205.00000000000205,7697.678344726628,2.7853275241795927e-12
{623},363.9999999999972,292.99999999999716,277.3817138671851,293.00000000000233,275.6446533203157,205.00000000000315,364.00000000000284,204.99999999999713,7698.839843749927,359.9999999999966
{624},363.9999999999972,292.99999999999716,277.3817138671851,293.00000000000233,275.6446533203157,205.00000000000315,364.00000000000284,204.99999999999713,7698.839843749927,359.9999999999966
{625},363.9999999999972,292.99999999999716,277.3817138671851,293.00000000000233,275.6446533203157,205.00000000000315,364.00000000000284,204.99999999999713,7698.839843749927,359.9999999999966
{626},363.9999999999953,292.9999999999953,277.3691406249949,293.00000000000534,275.63085937500466,205.0000000000046,364.0000000000049,204.99999999999508,7700.0000000000655,359.99999999999335
{627},363.9999999999953,292.9999999999953,277.3691406249949,293.00000000000534,275.63085937500466,205.0000000000046,364.0000000000049,204.99999999999508,7700.0000000000655,359.99999999999335
{628},363.9999999999953,292.9999999999953,277.3691406249949,293.00000000000534,275.63085937500466,205.0000000000046,364.0000000000049,204.99999999999508,7700.0000000000655,359.99999999999335
{629},364.00000000000347,293.00000000000347,277.3553466796914,292.99999999999596,275.6182861328088,204.9999999999964,363.9999999999961,205.00000000000387,7701.160156249942,5.002220859751105e-12
{630},364.00000000000347,293.00000000000347,277.3553466796914,292.99999999999596,275.6182861328088,204.9999999999964,363.9999999999961,205.00000000000387,7701.160156249942,5.002220859751105e-12
{631},364.0000000000038,293.00000000000375,277.34033203125387,292.999999999996,275.6069030761679,204.9999999999961,363.9999999999955,205.00000000000452,7702.321655273365,5.115907697472721e-12
{632},364.0000000000038,293.00000000000375,277.34033203125387,292.999999999996,275.6069030761679,204.9999999999961,363.9999999999955,205.00000000000452,7702.321655273365,5.115907697472721e-12
{633},364.0000000000038,293.00000000000375,277.34033203125387,292.999999999996,275.6069030761679,204.9999999999961,363.9999999999955,205.00000000000452,7702.321655273365,5.115907697472721e-12
{634},364.0000000000038,293.00000000000375,277.34033203125387,292.999999999996,275.6069030761679,204.9999999999961,363.9999999999955,205.00000000000452,7702.321655273365,5.115907697472721e-12
{635},363.9999999999961,292.9999999999961,277.32409667968324,293.0000000000044,275.59674072265983,205.00000000000358,364.00000000000404,204.99999999999594,7703.483154296955,359.99999999999454
{636},363.9999999999961,292.9999999999961,277.32409667968324,293.0000000000044,275.59674072265983,205.00000000000358,364.00000000000404,204.99999999999594,7703.483154296955,359.99999999999454
{637},363.9999999999961,292.9999999999961,277.32409667968324,293.0000000000044,275.59674072265983,205.00000000000358,364.00000000000404,204.99999999999594,7703.483154296955,359.99999999999454
{638},364.0000000000072,293.0000000000073,277.30667114258495,292.999999999993,275.58776855467954,204.99999999999216,363.99999999999227,205.0000000000077,7704.644653320334,9.43600753089413e-12
{639},364.0000000000072,293.0000000000073,277.30667114258495,292.999999999993,275.58776855467954,204.99999999999216,363.99999999999227,205.0000000000077,7704.644653320334,9.43600753089413e-12
{640},364.0000000000072,293.0000000000073,277.30667114258495,292.999999999993,275.58776855467954,204.99999999999216,363.99999999999227,205.0000000000077,7704.644653320334,9.43600753089413e-12
{641},363.9999999999943,292.9999999999942,277.28805541991596,293.00000000000597,275.5800170898498,205.00000000000594,364.00000000000614,204.99999999999392,7705.804809570349,359.99999999999227
{642},363.9999999999943,292.9999999999942,277.28805541991596,293.00000000000597,275.5800170898498,205.00000000000594,364.00000000000614,204.99999999999392,7705.804809570349,359.99999999999227
{643},363.9999999999943,292.9999999999942,277.28805541991596,293.00000000000597,275.5800170898498,205.00000000000594,364.00000000000614,204.99999999999392,7705.804809570349,359.99999999999227
{644},363.9999999999943,292.9999999999942,277.28805541991596,293.00000000000597,275.5800170898498,205.00000000000594,364.00000000000614,204.99999999999392,7705.804809570349,359.99999999999227
{645},363.9999999999943,292.9999999999942,277.28805541991596,293.00000000000597,275.5800170898498,205.00000000000594,364.00000000000614,204.99999999999392,7705.804809570349,359.99999999999227
{646},363.99999999998926,292.99999999998926,277.2682189941294,293.0000000000115,275.57348632813625,205.00000000001108,364.00000000001074,204.99999999998926,7706.964965820349,359.99999999998533
{647},363.99999999998926,292.99999999998926,277.2682189941294,293.0000000000115,275.57348632813625,205.00000000001108,364.00000000001074,204.99999999998926,7706.964965820349,359.99999999998533
{648},363.99999999998926,292.99999999998926,277.2682189941294,293.0000000000115,275.57348632813625,205.00000000001108,364.00000000001074,204.99999999998926,7706.964965820349,359.99999999998533
{649},363.99999999998926,292.99999999998926,277.2682189941294,293.0000000000115,275.57348632813625,205.00000000001108,364.00000000001074,204.99999999998926,7706.964965820349,359.99999999998533
{650},364.0000000000007,293.0000000000007,277.24716186523494,292.9999999999994,275.56817626953136,205.0000000000001,364.0000000000003,204.99999999999977,7708.125122070334,8.526512829121202e-13
{651},364.0000000000007,293.0000000000007,277.24716186523494,292.9999999999994,275.56817626953136,205.0000000000001,364.0000000000003,204.99999999999977,7708.125122070334,8.526512829121202e-13
{652},364.0000000000007,293.0000000000007,277.24716186523494,292.9999999999994,275.56817626953136,205.0000000000001,364.0000000000003,204.99999999999977,7708.125122070334,8.526512829121202e-13
{653},364.0000000000007,293.0000000000007,277.24716186523494,292.9999999999994,275.56817626953136,205.0000000000001,364.0000000000003,204.99999999999977,7708.125122070334,8.526512829121202e-13
{654},364.00000000000733,293.0000000000074,277.2249145507888,292.99999999999227,275.56405639647693,204.9999999999926,363.9999999999926,205.00000000000745,7709.285278320276,1.000444171950221e-11
{655},364.00000000000733,293.0000000000074,277.2249145507888,292.99999999999227,275.56405639647693,204.9999999999926,363.9999999999926,205.00000000000745,7709.285278320276,1.000444171950221e-11
{656},364.00000000000733,293.0000000000074,277.2249145507888,292.99999999999227,275.56405639647693,204.9999999999926,363.9999999999926,205.00000000000745,7709.285278320276,1.000444171950221e-11
{657},364.00000000000733,293.0000000000074,277.2249145507888,292.99999999999227,275.56405639647693,204.9999999999926,363.9999999999926,205.00000000000745,7709.285278320276,1.000444171950221e-11
{658},364.00000000000665,293.0000000000067,277.20147705078733,292.99999999999386,275.56112670897767,204.9999999999934,363.99999999999363,205.00000000000634,7710.4454345703925,8.469669410260394e-12
{659},364.00000000000665,293.0000000000067,277.20147705078733,292.99999999999386,275.56112670897767,204.9999999999934,363.99999999999363,205.00000000000634,7710.4454345703925,8.469669410260394e-12
{660},364.00000000000665,293.0000000000067,277.20147705078733,292.99999999999386,275.56112670897767,204.9999999999934,363.99999999999363,205.00000000000634,7710.4454345703925,8.469669410260394e-12
{661},364.00000000000665,293.0000000000067,277.20147705078733,292.99999999999386,275.56112670897767,204.9999999999934,363.99999999999363,205.00000000000634,7710.4454345703925,8.469669410260394e-12
{662},363.9999999999996,292.9999999999996,277.17684936523403,293.0000000000004,275.55944824218795,205.00000000000048,364.00000000000017,204.99999999999977,7711.602905273387,359.9999999999995
{663},363.9999999999996,292.9999999999996,277.17684936523403,293.0000000000004,275.55944824218795,205.00000000000048,364.00000000000017,204.99999999999977,7711.602905273387,359.9999999999995
{664},363.9999999999996,292.9999999999996,277.17684936523403,293.0000000000004,275.55944824218795,205.00000000000048,364.00000000000017,204.99999999999977,7711.602905273387,359.9999999999995
{665},363.9999999999996,292.9999999999996,277.17684936523403,293.0000000000004,275.55944824218795,205.00000000000048,364.00000000000017,204.99999999999977,7711.602905273387,359.9999999999995
{666},364.00000000000216,293.00000000000216,277.151000976565,292.9999999999975,275.55895996093477,204.99999999999733,363.9999999999968,205.00000000000315,7712.76171874992,3.069544618483633e-12
{667},364.00000000000216,293.00000000000216,277.151000976565,292.9999999999975,275.55895996093477,204.99999999999733,363.9999999999968,205.00000000000315,7712.76171874992,3.069544618483633e-12
{668},364.00000000000216,293.00000000000216,277.151000976565,292.9999999999975,275.55895996093477,204.99999999999733,363.9999999999968,205.00000000000315,7712.76171874992,3.069544618483633e-12
{669},364.00000000000216,293.00000000000216,277.151000976565,292.9999999999975,275.55895996093477,204.99999999999733,363.9999999999968,205.00000000000315,7712.76171874992,3.069544618483633e-12
{670},364.00000000000216,293.00000000000216,277.151000976565,292.9999999999975,275.55895996093477,204.99999999999733,363.9999999999968,205.00000000000315,7712.76171874992,3.069544618483633e-12
{671},364.00000000000136,293.00000000000136,277.1239624023451,292.9999999999986,275.55966186523216,204.99999999999778,363.99999999999795,205.00000000000207,7713.92053222657,1.8189894035458565e-12
{672},364.00000000000136,293.00000000000136,277.1239624023451,292.9999999999986,275.55966186523216,204.99999999999778,363.99999999999795,205.00000000000207,7713.92053222657,1.8189894035458565e-12
{673},364.00000000000136,293.00000000000136,277.1239624023451,292.9999999999986,275.55966186523216,204.99999999999778,363.99999999999795,205.00000000000207,7713.92053222657,1.8189894035458565e-12
{674},364.00000000000136,293.00000000000136,277.1239624023451,292.9999999999986,275.55966186523216,204.99999999999778,363.99999999999795,205.00000000000207,7713.92053222657,1.8189894035458565e-12
{675},364.00000000000307,293.0000000000031,277.09573364258193,292.9999999999962,275.56158447265307,204.99999999999685,363.99999999999596,205.00000000000404,7715.078002929542,4.547473508864641e-12
{676},364.00000000000307,293.0000000000031,277.09573364258193,292.9999999999962,275.56158447265307,204.99999999999685,363.99999999999596,205.00000000000404,7715.078002929542,4.547473508864641e-12
{677},364.00000000000307,293.0000000000031,277.09573364258193,292.9999999999962,275.56158447265307,204.99999999999685,363.99999999999596,205.00000000000404,7715.078002929542,4.547473508864641e-12
{678},363.9999999999883,292.9999999999883,277.06628417967545,293.0000000000123,275.5646972656371,205.00000000001188,364.0000000000122,204.9999999999878,7716.23681640633,359.9999999999842
{679},363.9999999999883,292.9999999999883,277.06628417967545,293.0000000000123,275.5646972656371,205.00000000001188,364.0000000000122,204.9999999999878,7716.23681640633,359.9999999999842
{680},363.9999999999883,292.9999999999883,277.06628417967545,293.0000000000123,275.5646972656371,205.00000000001188,364.0000000000122,204.9999999999878,7716.23681640633,359.9999999999842
{681},363.9999999999883,292.9999999999883,277.06628417967545,293.0000000000123,275.5646972656371,205.00000000001188,364.0000000000122,204.9999999999878,7716.23681640633,359.9999999999842
{682},363.9999999999883,292.9999999999883,277.06628417967545,293.0000000000123,275.5646972656371,205.00000000001188,364.0000000000122,204.9999999999878,7716.23681640633,359.9999999999842
{683},363.9999999999985,292.99999999999864,277.0356750488268,293.0000000000013,275.56900024414216,205.00000000000145,364.0000000000011,204.9999999999989,7717.394287109331,359.99999999999824
{684},363.9999999999985,292.99999999999864,277.0356750488268,293.0000000000013,275.56900024414216,205.00000000000145,364.0000000000011,204.9999999999989,7717.394287109331,359.99999999999824
{685},363.9999999999985,292.99999999999864,277.0356750488268,293.0000000000013,275.56900024414216,205.00000000000145,364.0000000000011,204.9999999999989,7717.394287109331,359.99999999999824
{686},363.9999999999985,292.99999999999864,277.0356750488268,293.0000000000013,275.56900024414216,205.00000000000145,364.0000000000011,204.9999999999989,7717.394287109331,359.99999999999824
{687},363.99999999999557,292.9999999999955,277.0038757324174,293.0000000000046,275.574523925785,205.0000000000037,364.0000000000037,204.99999999999628,7718.5504150390625,359.99999999999403
{688},363.99999999999557,292.9999999999955,277.0038757324174,293.0000000000046,275.574523925785,205.0000000000037,364.0000000000037,204.99999999999628,7718.5504150390625,359.99999999999403
{689},363.99999999999557,292.9999999999955,277.0038757324174,293.0000000000046,275.574523925785,205.0000000000037,364.0000000000037,204.99999999999628,7718.5504150390625,359.99999999999403
{690},364.00000000000836,293.00000000000836,276.97091674805534,292.9999999999914,275.5812377929606,204.99999999999193,363.9999999999917,205.00000000000827,7719.705200195269,1.1141310096718371e-11
{691},364.00000000000836,293.00000000000836,276.97091674805534,292.9999999999914,275.5812377929606,204.99999999999193,363.9999999999917,205.00000000000827,7719.705200195269,1.1141310096718371e-11
{692},364.00000000000836,293.00000000000836,276.97091674805534,292.9999999999914,275.5812377929606,204.99999999999193,363.9999999999917,205.00000000000827,7719.705200195269,1.1141310096718371e-11
{693},364.00000000000836,293.00000000000836,276.97091674805534,292.9999999999914,275.5812377929606,204.99999999999193,363.9999999999917,205.00000000000827,7719.705200195269,1.1141310096718371e-11
{694},364.0000000000078,293.0000000000078,276.93673706055455,292.99999999999216,275.58914184569596,204.99999999999295,363.9999999999928,205.00000000000736,7720.861328124971,1.028865881380625e-11
{695},364.0000000000078,293.0000000000078,276.93673706055455,292.99999999999216,275.58914184569596,204.99999999999295,363.9999999999928,205.00000000000736,7720.861328124971,1.028865881380625e-11
{696},364.0000000000078,293.0000000000078,276.93673706055455,292.99999999999216,275.58914184569596,204.99999999999295,363.9999999999928,205.00000000000736,7720.861328124971,1.028865881380625e-11
{697},364.0000000000013,293.0000000000013,276.9013977050794,292.99999999999875,275.5982360839833,204.99999999999892,363.9999999999988,205.00000000000117,7722.01611328125,1.7053025658242404e-12
{698},364.0000000000013,293.0000000000013,276.9013977050794,292.99999999999875,275.5982360839833,204.99999999999892,363.9999999999988,205.00000000000117,7722.01611328125,1.7053025658242404e-12
{699},364.0000000000013,293.0000000000013,276.9013977050794,292.99999999999875,275.5982360839833,204.99999999999892,363.9999999999988,205.00000000000117,7722.01611328125,1.7053025658242404e-12
{700},364.0000000000013,293.0000000000013,276.9013977050794,292.99999999999875,275.5982360839833,204.99999999999892,363.9999999999988,205.00000000000117,7722.01611328125,1.7053025658242404e-12
{701},364.0000000000013,293.0000000000013,276.9013977050794,292.99999999999875,275.5982360839833,204.99999999999892,363.9999999999988,205.00000000000117,7722.01611328125,1.7053025658242404e-12
{702},363.9999999999946,292.9999999999946,276.86489868163545,293.0000000000053,275.6085510253962,205.00000000000549,364.00000000000574,204.99999999999415,7723.168212890661,359.99999999999295
{703},363.9999999999946,292.9999999999946,276.86489868163545,293.0000000000053,275.6085510253962,205.00000000000549,364.00000000000574,204.99999999999415,7723.168212890661,359.99999999999295
{704},363.9999999999946,292.9999999999946,276.86489868163545,293.0000000000053,275.6085510253962,205.00000000000549,364.00000000000574,204.99999999999415,7723.168212890661,359.99999999999295
{705},363.9999999999946,292.9999999999946,276.86489868163545,293.0000000000053,275.6085510253962,205.00000000000549,364.00000000000574,204.99999999999415,7723.168212890661,359.99999999999295
{706},363.9999999999955,292.9999999999955,276.8272094726515,293.0000000000049,275.6200256347702,205.00000000000443,364.00000000000483,204.9999999999951,7724.321655273503,359.99999999999386
{707},363.9999999999955,292.9999999999955,276.8272094726515,293.0000000000049,275.6200256347702,205.00000000000443,364.00000000000483,204.9999999999951,7724.321655273503,359.99999999999386
{708},363.9999999999955,292.9999999999955,276.8272094726515,293.0000000000049,275.6200256347702,205.00000000000443,364.00000000000483,204.9999999999951,7724.321655273503,359.99999999999386
{709},363.9999999999955,292.9999999999955,276.8272094726515,293.0000000000049,275.6200256347702,205.00000000000443,364.00000000000483,204.9999999999951,7724.321655273503,359.99999999999386
{710},363.9999999999994,292.9999999999993,276.78839111328,293.0000000000012,275.632690429688,205.00000000000054,364.00000000000114,204.9999999999989,7725.472412109455,359.99999999999875
{711},363.9999999999994,292.9999999999993,276.78839111328,293.0000000000012,275.632690429688,205.00000000000054,364.00000000000114,204.9999999999989,7725.472412109455,359.99999999999875
{712},363.9999999999994,292.9999999999993,276.78839111328,293.0000000000012,275.632690429688,205.00000000000054,364.00000000000114,204.9999999999989,7725.472412109455,359.99999999999875
{713},364.00000000000034,293.0000000000004,276.7483825683597,292.9999999999996,275.6465148925776,204.99999999999952,363.99999999999955,205.00000000000045,7726.624511718765,5.115907697472721e-13
{714},364.00000000000034,293.0000000000004,276.7483825683597,292.9999999999996,275.6465148925776,204.99999999999952,363.99999999999955,205.00000000000045,7726.624511718765,5.115907697472721e-13
{715},364.00000000000034,293.0000000000004,276.7483825683597,292.9999999999996,275.6465148925776,204.99999999999952,363.99999999999955,205.00000000000045,7726.624511718765,5.115907697472721e-13
{716},364.00000000000034,293.0000000000004,276.7483825683597,292.9999999999996,275.6465148925776,204.99999999999952,363.99999999999955,205.00000000000045,7726.624511718765,5.115907697472721e-13
{717},364.0000000000111,293.00000000001114,276.7072143554804,292.9999999999882,275.66156005858227,204.9999999999887,363.9999999999883,205.00000000001177,7727.773925781148,1.5063505998114124e-11
{718},364.0000000000111,293.00000000001114,276.7072143554804,292.9999999999882,275.66156005858227,204.9999999999887,363.9999999999883,205.00000000001177,7727.773925781148,1.5063505998114124e-11
{719},364.0000000000111,293.00000000001114,276.7072143554804,292.9999999999882,275.66156005858227,204.9999999999887,363.9999999999883,205.00000000001177,7727.773925781148,1.5063505998114124e-11
{720},364.0000000000111,293.00000000001114,276.7072143554804,292.9999999999882,275.66156005858227,204.9999999999887,363.9999999999883,205.00000000001177,7727.773925781148,1.5063505998114124e-11
{721},364.0000000000111,293.00000000001114,276.7072143554804,292.9999999999882,275.66156005858227,204.9999999999887,363.9999999999883,205.00000000001177,7727.773925781148,1.5063505998114124e-11
{722},364.0000000000023,293.0000000000023,276.6648864746121,292.9999999999972,275.67773437499807,204.99999999999812,363.99999999999767,205.00000000000233,7728.924682617129,3.296918293926865e-12
{723},364.0000000000023,293.0000000000023,276.6648864746121,292.9999999999972,275.67773437499807,204.99999999999812,363.99999999999767,205.00000000000233,7728.924682617129,3.296918293926865e-12
{724},364.0000000000023,293.0000000000023,276.6648864746121,292.9999999999972,275.67773437499807,204.99999999999812,363.99999999999767,205.00000000000233,7728.924682617129,3.296918293926865e-12
{725},364.0000000000064,293.00000000000654,276.62142944336523,292.99999999999415,275.695098876947,204.9999999999939,363.9999999999944,205.00000000000568,7730.072753906359,8.128608897095546e-12
{726},364.0000000000064,293.00000000000654,276.62142944336523,292.99999999999415,275.695098876947,204.9999999999939,363.9999999999944,205.00000000000568,7730.072753906359,8.128608897095546e-12
{727},364.0000000000064,293.00000000000654,276.62142944336523,292.99999999999415,275.695098876947,204.9999999999939,363.9999999999944,205.00000000000568,7730.072753906359,8.128608897095546e-12
{728},364.0000000000064,293.00000000000654,276.62142944336523,292.99999999999415,275.695098876947,204.9999999999939,363.9999999999944,205.00000000000568,7730.072753906359,8.128608897095546e-12
{729},363.999999999988,292.9999999999879,276.5768127441288,293.0000000000118,275.71365356446586,205.00000000001262,364.0000000000122,204.99999999998784,7731.219482421824,359.9999999999843
{730},363.999999999988,292.9999999999879,276.5768127441288,293.0000000000118,275.71365356446586,205.00000000001262,364.0000000000122,204.99999999998784,7731.219482421824,359.9999999999843
{731},363.999999999988,292.9999999999879,276.5768127441288,293.0000000000118,275.71365356446586,205.00000000001262,364.0000000000122,204.99999999998784,7731.219482421824,359.9999999999843
{732},363.999999999988,292.9999999999879,276.5768127441288,293.0000000000118,275.71365356446586,205.00000000001262,364.0000000000122,204.99999999998784,7731.219482421824,359.9999999999843
{733},363.999999999988,292.9999999999879,276.5768127441288,293.0000000000118,275.71365356446586,205.00000000001262,364.0000000000122,204.99999999998784,7731.219482421824,359.9999999999843
{734},364.0000000000118,293.0000000000118,276.53103637696546,292.99999999998744,275.7333374023331,204.99999999998943,363.9999999999884,205.00000000001168,7732.367553710799,1.5973000699887052e-11
{735},364.0000000000118,293.0000000000118,276.53103637696546,292.99999999998744,275.7333374023331,204.99999999998943,363.9999999999884,205.00000000001168,7732.367553710799,1.5973000699887052e-11
{736},364.0000000000118,293.0000000000118,276.53103637696546,292.99999999998744,275.7333374023331,204.99999999998943,363.9999999999884,205.00000000001168,7732.367553710799,1.5973000699887052e-11
{737},364.0000000000118,293.0000000000118,276.53103637696546,292.99999999998744,275.7333374023331,204.99999999998943,363.9999999999884,205.00000000001168,7732.367553710799,1.5973000699887052e-11
{738},364.0000000000118,293.0000000000118,276.53103637696546,292.99999999998744,275.7333374023331,204.99999999998943,363.9999999999884,205.00000000001168,7732.367553710799,1.5973000699887052e-11
{739},364.0000000000031,293.0000000000031,276.48416137695654,292.99999999999653,275.75421142577716,204.99999999999588,363.9999999999958,205.00000000000423,7733.511596679629,4.320099833421409e-12
{740},364.0000000000031,293.0000000000031,276.48416137695654,292.99999999999653,275.75421142577716,204.99999999999588,363.9999999999958,205.00000000000423,7733.511596679629,4.320099833421409e-12
{741},364.0000000000031,293.0000000000031,276.48416137695654,292.99999999999653,275.75421142577716,204.99999999999588,363.9999999999958,205.00000000000423,7733.511596679629,4.320099833421409e-12
{742},364.0000000000031,293.0000000000031,276.48416137695654,292.99999999999653,275.75421142577716,204.99999999999588,363.9999999999958,205.00000000000423,7733.511596679629,4.320099833421409e-12
{743},364.0000000000031,293.0000000000031,276.48416137695654,292.99999999999653,275.75421142577716,204.99999999999588,363.9999999999958,205.00000000000423,7733.511596679629,4.320099833421409e-12
{744},364.0000000000031,293.0000000000031,276.48416137695654,292.99999999999653,275.75421142577716,204.99999999999588,363.9999999999958,205.00000000000423,7733.511596679629,4.320099833421409e-12
{745},364.00000000000034,293.0000000000004,276.43615722656256,292.99999999999983,275.77621459960966,205.00000000000034,364.0000000000004,204.9999999999997,7734.655639648459,3.410605131648481e-13
{746},364.00000000000034,293.0000000000004,276.43615722656256,292.99999999999983,275.77621459960966,205.00000000000034,364.0000000000004,204.9999999999997,7734.655639648459,3.410605131648481e-13
{747},364.00000000000034,293.0000000000004,276.43615722656256,292.99999999999983,275.77621459960966,205.00000000000034,364.0000000000004,204.9999999999997,7734.655639648459,3.410605131648481e-13
{748},364.00000000000034,293.0000000000004,276.43615722656256,292.99999999999983,275.77621459960966,205.00000000000034,364.0000000000004,204.9999999999997,7734.655639648459,3.410605131648481e-13
{749},364.00000000000034,293.0000000000004,276.43615722656256,292.99999999999983,275.77621459960966,205.00000000000034,364.0000000000004,204.9999999999997,7734.655639648459,3.410605131648481e-13
{750},364.00000000000034,293.0000000000004,276.43615722656256,292.99999999999983,275.77621459960966,205.00000000000034,364.0000000000004,204.9999999999997,7734.655639648459,3.410605131648481e-13
{751},364.0000000000096,293.00000000000966,276.386993408213,292.99999999998994,275.79937744139704,204.9999999999908,363.9999999999907,205.00000000000935,7735.799682617137,1.290345608140342e-11
{752},364.0000000000096,293.00000000000966,276.386993408213,292.99999999998994,275.79937744139704,204.9999999999908,363.9999999999907,205.00000000000935,7735.799682617137,1.290345608140342e-11
{753},364.0000000000096,293.00000000000966,276.386993408213,292.99999999998994,275.79937744139704,204.9999999999908,363.9999999999907,205.00000000000935,7735.799682617137,1.290345608140342e-11
{754},364.0000000000096,293.00000000000966,276.386993408213,292.99999999998994,275.79937744139704,204.9999999999908,363.9999999999907,205.00000000000935,7735.799682617137,1.290345608140342e-11
{755},364.0000000000096,293.00000000000966,276.386993408213,292.99999999998994,275.79937744139704,204.9999999999908,363.9999999999907,205.00000000000935,7735.799682617137,1.290345608140342e-11
{756},364.0000000000096,293.00000000000966,276.386993408213,292.99999999998994,275.79937744139704,204.9999999999908,363.9999999999907,205.00000000000935,7735.799682617137,1.290345608140342e-11
{757},364.0000000000096,293.00000000000966,276.386993408213,292.99999999998994,275.79937744139704,204.9999999999908,363.9999999999907,205.00000000000935,7735.799682617137,1.290345608140342e-11
{758},363.9999999999993,292.9999999999994,276.33673095703034,293.00000000000097,275.82369995117256,205.00000000000063,364.0000000000007,204.9999999999993,7736.9410400390625,359.999999999999
{759},363.9999999999993,292.9999999999994,276.33673095703034,293.00000000000097,275.82369995117256,205.00000000000063,364.0000000000007,204.9999999999993,7736.9410400390625,359.999999999999
{760},363.9999999999993,292.9999999999994,276.33673095703034,293.00000000000097,275.82369995117256,205.00000000000063,364.0000000000007,204.9999999999993,7736.9410400390625,359.999999999999
{761},363.9999999999993,292.9999999999994,276.33673095703034,293.00000000000097,275.82369995117256,205.00000000000063,364.0000000000007,204.9999999999993,7736.9410400390625,359.999999999999
{762},363.9999999999993,292.9999999999994,276.33673095703034,293.00000000000097,275.82369995117256,205.00000000000063,364.0000000000007,204.9999999999993,7736.9410400390625,359.999999999999
{763},363.9999999999993,292.9999999999994,276.33673095703034,293.00000000000097,275.82369995117256,205.00000000000063,364.0000000000007,204.9999999999993,7736.9410400390625,359.999999999999
{764},363.9999999999993,292.9999999999994,276.33673095703034,293.00000000000097,275.82369995117256,205.00000000000063,364.0000000000007,204.9999999999993,7736.9410400390625,359.999999999999
{765},363.9999999999993,292.9999999999994,276.33673095703034,293.00000000000097,275.82369995117256,205.00000000000063,364.0000000000007,204.9999999999993,7736.9410400390625,359.999999999999
{766},363.9999999999993,292.9999999999994,276.33673095703034,293.00000000000097,275.82369995117256,205.00000000000063,364.0000000000007,204.9999999999993,7736.9410400390625,359.999999999999
{767},363.9999999999993,292.9999999999994,276.33673095703034,293.00000000000097,275.82369995117256,205.00000000000063,364.0000000000007,204.9999999999993,7736.9410400390625,359.999999999999
{768},363.9999999999993,292.9999999999994,276.33673095703034,293.00000000000097,275.82369995117256,205.00000000000063,364.0000000000007,204.9999999999993,7736.9410400390625,359.999999999999
{769},363.9999999999993,292.9999999999994,276.33673095703034,293.00000000000097,275.82369995117256,205.00000000000063,364.0000000000007,204.9999999999993,7736.9410400390625,359.999999999999
{770},363.9999999999993,292.9999999999994,276.33673095703034,293.00000000000097,275.82369995117256,205.00000000000063,364.0000000000007,204.9999999999993,7736.9410400390625,359.999999999999
{771},363.9999999999993,292.9999999999994,276.33673095703034,293.00000000000097,275.82369995117256,205.00000000000063,364.0000000000007,204.9999999999993,7736.9410400390625,359.999999999999
{772},363.9999999999993,292.9999999999994,276.33673095703034,293.00000000000097,275.82369995117256,205.00000000000063,364.0000000000007,204.9999999999993,7736.9410400390625,359.999999999999
{773},363.9999999999993,292.9999999999994,276.33673095703034,293.00000000000097,275.82369995117256,205.00000000000063,364.0000000000007,204.9999999999993,7736.9410400390625,359.999999999999
{774},363.9999999999993,292.9999999999994,276.33673095703034,293.00000000000097,275.82369995117256,205.00000000000063,364.0000000000007,204.9999999999993,7736.9410400390625,359.999999999999
{775},363.9999999999993,292.9999999999994,276.33673095703034,293.00000000000097,275.82369995117256,205.00000000000063,364.0000000000007,204.9999999999993,7736.9410400390625,359.999999999999
{776},363.9999999999993,292.9999999999994,276.33673095703034,293.00000000000097,275.82369995117256,205.00000000000063,364.0000000000007,204.9999999999993,7736.9410400390625,359.999999999999
{777},363.9999999999993,292.9999999999994,276.33673095703034,293.00000000000097,275.82369995117256,205.00000000000063,364.0000000000007,204.9999999999993,7736.9410400390625,359.999999999999
{778},363.9999999999993,292.9999999999994,276.33673095703034,293.00000000000097,275.82369995117256,205.00000000000063,364.0000000000007,204.9999999999993,7736.9410400390625,359.999999999999
{779},363.9999999999993,292.9999999999994,276.33673095703034,293.00000000000097,275.82369995117256,205.00000000000063,364.0000000000007,204.9999999999993,7736.9410400390625,359.999999999999
{780},363.9999999999993,292.9999999999994,276.33673095703034,293.00000000000097,275.82369995117256,205.00000000000063,364.0000000000007,204.9999999999993,7736.9410400390625,359.999999999999
{781},363.9999999999993,292.9999999999994,276.33673095703034,293.00000000000097,275.82369995117256,205.00000000000063,364.0000000000007,204.9999999999993,7736.9410400390625,359.999999999999
{782},363.9999999999993,292.9999999999994,276.33673095703034,293.00000000000097,275.82369995117256,205.00000000000063,364.0000000000007,204.9999999999993,7736.9410400390625,359.999999999999
{783},363.9999999999993,292.9999999999994,276.33673095703034,293.00000000000097,275.82369995117256,205.00000000000063,364.0000000000007,204.9999999999993,7736.9410400390625,359.999999999999
{784},363.9999999999993,292.9999999999994,276.33673095703034,293.00000000000097,275.82369995117256,205.00000000000063,364.0000000000007,204.9999999999993,7736.9410400390625,359.999999999999
{785},363.9999999999993,292.9999999999994,276.33673095703034,293.00000000000097,275.82369995117256,205.00000000000063,364.0000000000007,204.9999999999993,7736.9410400390625,359.999999999999
{786},363.9999999999993,292.9999999999994,276.33673095703034,293.00000000000097,275.82369995117256,205.00000000000063,364.0000000000007,204.9999999999993,7736.9410400390625,359.999999999999
{787},363.9999999999993,292.9999999999994,276.33673095703034,293.00000000000097,275.82369995117256,205.00000000000063,364.0000000000007,204.9999999999993,7736.9410400390625,359.999999999999
{788},363.9999999999993,292.9999999999994,276.33673095703034,293.00000000000097,275.82369995117256,205.00000000000063,364.0000000000007,204.9999999999993,7736.9410400390625,359.999999999999
{789},363.9999999999993,292.9999999999994,276.33673095703034,293.00000000000097,275.82369995117256,205.00000000000063,364.0000000000007,204.9999999999993,7736.9410400390625,359.999999999999
{790},363.9999999999993,292.9999999999994,276.33673095703034,293.00000000000097,275.82369995117256,205.00000000000063,364.0000000000007,204.9999999999993,7736.9410400390625,359.999999999999
{791},363.9999999999993,292.9999999999994,276.33673095703034,293.00000000000097,275.82369995117256,205.00000000000063,364.0000000000007,204.9999999999993,7736.9410400390625,359.999999999999
{792},363.9999999999993,292.9999999999994,276.33673095703034,293.00000000000097,275.82369995117256,205.00000000000063,364.0000000000007,204.9999999999993,7736.9410400390625,359.999999999999
{793},363.9999999999993,292.9999999999994,276.33673095703034,293.00000000000097,275.82369995117256,205.00000000000063,364.0000000000007,204.9999999999993,7736.9410400390625,359.999999999999
{794},363.9999999999993,292.9999999999994,276.33673095703034,293.00000000000097,275.82369995117256,205.00000000000063,364.0000000000007,204.9999999999993,7736.9410400390625,359.999999999999
{795},363.9999999999993,292.9999999999994,276.33673095703034,293.00000000000097,275.82369995117256,205.00000000000063,364.0000000000007,204.9999999999993,7736.9410400390625,359.999999999999
{796},363.9999999999993,292.9999999999994,276.33673095703034,293.00000000000097,275.82369995117256,205.00000000000063,364.0000000000007,204.9999999999993,7736.9410400390625,359.999999999999
{797},363.9999999999993,292.9999999999994,276.33673095703034,293.00000000000097,275.82369995117256,205.00000000000063,364.0000000000007,204.9999999999993,7736.9410400390625,359.999999999999
{798},363.9999999999993,292.9999999999994,276.33673095703034,293.00000000000097,275.82369995117256,205.00000000000063,364.0000000000007,204.9999999999993,7736.9410400390625,359.999999999999
{799},363.9999999999993,292.9999999999994,276.33673095703034,293.00000000000097,275.82369995117256,205.00000000000063,364.0000000000007,204.9999999999993,7736.9410400390625,359.999999999999
{800},363.9999999999993,292.9999999999994,276.33673095703034,293.00000000000097,275.82369995117256,205.00000000000063,364.0000000000007,204.9999999999993,7736.9410400390625,359.999999999999
{801},363.9999999999993,292.9999999999994,276.33673095703034,293.00000000000097,275.82369995117256,205.00000000000063,364.0000000000007,204.9999999999993,7736.9410400390625,359.999999999999
{802},363.9999999999993,292.9999999999994,276.33673095703034,293.00000000000097,275.82369995117256,205.00000000000063,364.0000000000007,204.9999999999993,7736.9410400390625,359.999999999999
{803},363.9999999999993,292.9999999999994,276.33673095703034,293.00000000000097,275.82369995117256,205.00000000000063,364.0000000000007,204.9999999999993,7736.9410400390625,359.999999999999
{804},363.9999999999993,292.9999999999994,276.33673095703034,293.00000000000097,275.82369995117256,205.00000000000063,364.0000000000007,204.9999999999993,7736.9410400390625,359.999999999999
{805},363.9999999999993,292.9999999999994,276.33673095703034,293.00000000000097,275.82369995117256,205.00000000000063,364.0000000000007,204.9999999999993,7736.9410400390625,359.999999999999
{806},363.9999999999993,292.9999999999994,276.33673095703034,293.00000000000097,275.82369995117256,205.00000000000063,364.0000000000007,204.9999999999993,7736.9410400390625,359.999999999999
{807},363.9999999999993,292.9999999999994,276.33673095703034,293.00000000000097,275.82369995117256,205.00000000000063,364.0000000000007,204.9999999999993,7736.9410400390625,359.999999999999
{808},363.9999999999993,292.9999999999994,276.33673095703034,293.00000000000097,275.82369995117256,205.00000000000063,364.0000000000007,204.9999999999993,7736.9410400390625,359.999999999999
{809},363.9999999999993,292.9999999999994,276.33673095703034,293.00000000000097,275.82369995117256,205.00000000000063,364.0000000000007,204.9999999999993,7736.9410400390625,359.999999999999
{810},363.9999999999993,292.9999999999994,276.33673095703034,293.00000000000097,275.82369995117256,205.00000000000063,364.0000000000007,204.9999999999993,7736.9410400390625,359.999999999999
{811},363.9999999999993,292.9999999999994,276.33673095703034,293.00000000000097,275.82369995117256,205.00000000000063,364.0000000000007,204.9999999999993,7736.9410400390625,359.999999999999
{812},363.9999999999993,292.9999999999994,276.33673095703034,293.00000000000097,275.82369995117256,205.00000000000063,364.0000000000007,204.9999999999993,7736.9410400390625,359.999999999999
{813},363.9999999999993,292.9999999999994,276.33673095703034,293.00000000000097,275.82369995117256,205.00000000000063,364.0000000000007,204.9999999999993,7736.9410400390625,359.999999999999
{814},363.9999999999993,292.9999999999994,276.33673095703034,293.00000000000097,275.82369995117256,205.00000000000063,364.0000000000007,204.9999999999993,7736.9410400390625,359.999999999999
{815},363.9999999999993,292.9999999999994,276.33673095703034,293.00000000000097,275.82369995117256,205.00000000000063,364.0000000000007,204.9999999999993,7736.9410400390625,359.999999999999
{816},363.9999999999993,292.9999999999994,276.33673095703034,293.00000000000097,275.82369995117256,205.00000000000063,364.0000000000007,204.9999999999993,7736.9410400390625,359.999999999999
{817},363.9999999999993,292.9999999999994,276.33673095703034,293.00000000000097,275.82369995117256,205.00000000000063,364.0000000000007,204.9999999999993,7736.9410400390625,359.999999999999
{818},363.9999999999993,292.9999999999994,276.33673095703034,293.00000000000097,275.82369995117256,205.00000000000063,364.0000000000007,204.9999999999993,7736.9410400390625,359.999999999999
{819},363.9999999999993,292.9999999999994,276.33673095703034,293.00000000000097,275.82369995117256,205.00000000000063,364.0000000000007,204.9999999999993,7736.9410400390625,359.999999999999
{820},363.9999999999993,292.9999999999994,276.33673095703034,293.00000000000097,275.82369995117256,205.00000000000063,364.0000000000007,204.9999999999993,7736.9410400390625,359.999999999999
{821},363.9999999999993,292.9999999999994,276.33673095703034,293.00000000000097,275.82369995117256,205.00000000000063,364.0000000000007,204.9999999999993,7736.9410400390625,359.999999999999
{822},363.9999999999993,292.9999999999994,276.33673095703034,293.00000000000097,275.82369995117256,205.00000000000063,364.0000000000007,204.9999999999993,7736.9410400390625,359.999999999999
{823},363.9999999999993,292.9999999999994,276.33673095703034,293.00000000000097,275.82369995117256,205.00000000000063,364.0000000000007,204.9999999999993,7736.9410400390625,359.999999999999
{824},363.9999999999993,292.9999999999994,276.33673095703034,293.00000000000097,275.82369995117256,205.00000000000063,364.0000000000007,204.9999999999993,7736.9410400390625,359.999999999999
{825},363.9999999999993,292.9999999999994,276.33673095703034,293.00000000000097,275.82369995117256,205.00000000000063,364.0000000000007,204.9999999999993,7736.9410400390625,359.999999999999
{826},363.9999999999993,292.9999999999994,276.33673095703034,293.00000000000097,275.82369995117256,205.00000000000063,364.0000000000007,204.9999999999993,7736.9410400390625,359.999999999999
{827},363.9999999999993,292.9999999999994,276.33673095703034,293.00000000000097,275.82369995117256,205.00000000000063,364.0000000000007,204.9999999999993,7736.9410400390625,359.999999999999
{828},363.9999999999993,292.9999999999994,276.33673095703034,293.00000000000097,275.82369995117256,205.00000000000063,364.0000000000007,204.9999999999993,7736.9410400390625,359.999999999999
{829},363.9999999999993,292.9999999999994,276.33673095703034,293.00000000000097,275.82369995117256,205.00000000000063,364.0000000000007,204.9999999999993,7736.9410400390625,359.999999999999
{830},363.9999999999993,292.9999999999994,276.33673095703034,293.00000000000097,275.82369995117256,205.00000000000063,364.0000000000007,204.9999999999993,7736.9410400390625,359.999999999999
{831},363.9999999999993,292.9999999999994,276.33673095703034,293.00000000000097,275.82369995117256,205.00000000000063,364.0000000000007,204.9999999999993,7736.9410400390625,359.999999999999
{832},363.9999999999993,292.9999999999994,276.33673095703034,293.00000000000097,275.82369995117256,205.00000000000063,364.0000000000007,204.9999999999993,7736.9410400390625,359.999999999999
{833},363.9999999999993,292.9999999999994,276.33673095703034,293.00000000000097,275.82369995117256,205.00000000000063,364.0000000000007,204.9999999999993,7736.9410400390625,359.999999999999
{834},363.9999999999993,292.9999999999994,276.33673095703034,293.00000000000097,275.82369995117256,205.00000000000063,364.0000000000007,204.9999999999993,7736.9410400390625,359.999999999999
{835},363.9999999999993,292.9999999999994,276.33673095703034,293.00000000000097,275.82369995117256,205.00000000000063,364.0000000000007,204.9999999999993,7736.9410400390625,359.999999999999
{836},363.9999999999993,292.9999999999994,276.33673095703034,293.00000000000097,275.82369995117256,205.00000000000063,364.0000000000007,204.9999999999993,7736.9410400390625,359.999999999999
{837},363.9999999999993,292.9999999999994,276.33673095703034,293.00000000000097,275.82369995117256,205.00000000000063,364.0000000000007,204.9999999999993,7736.9410400390625,359.999999999999
{838},363.9999999999993,292.9999999999994,276.33673095703034,293.00000000000097,275.82369995117256,205.00000000000063,364.0000000000007,204.9999999999993,7736.9410400390625,359.999999999999
{839},363.9999999999993,292.9999999999994,276.33673095703034,293.00000000000097,275.82369995117256,205.00000000000063,364.0000000000007,204.9999999999993,7736.9410400390625,359.999999999999
{840},363.9999999999993,292.9999999999994,276.33673095703034,293.00000000000097,275.82369995117256,205.00000000000063,364.0000000000007,204.9999999999993,7736.9410400390625,359.999999999999
{841},363.9999999999993,292.9999999999994,276.33673095703034,293.00000000000097,275.82369995117256,205.00000000000063,364.0000000000007,204.9999999999993,7736.9410400390625,359.999999999999
{842},363.9999999999993,292.9999999999994,276.33673095703034,293.00000000000097,275.82369995117256,205.00000000000063,364.0000000000007,204.9999999999993,7736.9410400390625,359.999999999999
{843},363.9999999999993,292.9999999999994,276.33673095703034,293.00000000000097,275.82369995117256,205.00000000000063,364.0000000000007,204.9999999999993,7736.9410400390625,359.999999999999
{844},363.9999999999993,292.9999999999994,276.33673095703034,293.00000000000097,275.82369995117256,205.00000000000063,364.0000000000007,204.9999999999993,7736.9410400390625,359.999999999999
{845},363.9999999999993,292.9999999999994,276.33673095703034,293.00000000000097,275.82369995117256,205.00000000000063,364.0000000000007,204.9999999999993,7736.9410400390625,359.999999999999
{846},363.9999999999993,292.9999999999994,276.33673095703034,293.00000000000097,275.82369995117256,205.00000000000063,364.0000000000007,204.9999999999993,7736.9410400390625,359.999999999999
{847},363.9999999999993,292.9999999999994,276.33673095703034,293.00000000000097,275.82369995117256,205.00000000000063,364.0000000000007,204.9999999999993,7736.9410400390625,359.999999999999
{848},363.9999999999993,292.9999999999994,276.33673095703034,293.00000000000097,275.82369995117256,205.00000000000063,364.0000000000007,204.9999999999993,7736.9410400390625,359.999999999999
{849},363.9999999999993,292.9999999999994,276.33673095703034,293.00000000000097,275.82369995117256,205.00000000000063,364.0000000000007,204.9999999999993,7736.9410400390625,359.999999999999
{850},363.9999999999993,292.9999999999994,276.33673095703034,293.00000000000097,275.82369995117256,205.00000000000063,364.0000000000007,204.9999999999993,7736.9410400390625,359.999999999999
{851},363.9999999999993,292.9999999999994,276.33673095703034,293.00000000000097,275.82369995117256,205.00000000000063,364.0000000000007,204.9999999999993,7736.9410400390625,359.999999999999
{852},363.9999999999993,292.9999999999994,276.33673095703034,293.00000000000097,275.82369995117256,205.00000000000063,364.0000000000007,204.9999999999993,7736.9410400390625,359.999999999999
{853},363.9999999999993,292.9999999999994,276.33673095703034,293.00000000000097,275.82369995117256,205.00000000000063,364.0000000000007,204.9999999999993,7736.9410400390625,359.999999999999
{854},363.9999999999993,292.9999999999994,276.33673095703034,293.00000000000097,275.82369995117256,205.00000000000063,364.0000000000007,204.9999999999993,7736.9410400390625,359.999999999999
{855},363.9999999999993,292.9999999999994,276.33673095703034,293.00000000000097,275.82369995117256,205.00000000000063,364.0000000000007,204.9999999999993,7736.9410400390625,359.999999999999
{856},363.9999999999993,292.9999999999994,276.33673095703034,293.00000000000097,275.82369995117256,205.00000000000063,364.0000000000007,204.9999999999993,7736.9410400390625,359.999999999999
{857},363.9999999999993,292.9999999999994,276.33673095703034,293.00000000000097,275.82369995117256,205.00000000000063,364.0000000000007,204.9999999999993,7736.9410400390625,359.999999999999
{858},363.9999999999993,292.9999999999994,276.33673095703034,293.00000000000097,275.82369995117256,205.00000000000063,364.0000000000007,204.9999999999993,7736.9410400390625,359.999999999999
{859},363.9999999999993,292.9999999999994,276.33673095703034,293.00000000000097,275.82369995117256,205.00000000000063,364.0000000000007,204.9999999999993,7736.9410400390625,359.999999999999
{860},363.9999999999993,292.9999999999994,276.33673095703034,293.00000000000097,275.82369995117256,205.00000000000063,364.0000000000007,204.9999999999993,7736.9410400390625,359.999999999999
{861},363.9999999999993,292.9999999999994,276.33673095703034,293.00000000000097,275.82369995117256,205.00000000000063,364.0000000000007,204.9999999999993,7736.9410400390625,359.999999999999
{862},363.9999999999993,292.9999999999994,276.33673095703034,293.00000000000097,275.82369995117256,205.00000000000063,364.0000000000007,204.9999999999993,7736.9410400390625,359.999999999999
{863},363.9999999999993,292.9999999999994,276.33673095703034,293.00000000000097,275.82369995117256,205.00000000000063,364.0000000000007,204.9999999999993,7736.9410400390625,359.999999999999
{864},363.9999999999993,292.9999999999994,276.33673095703034,293.00000000000097,275.82369995117256,205.00000000000063,364.0000000000007,204.9999999999993,7736.9410400390625,359.999999999999
{865},363.9999999999993,292.9999999999994,276.33673095703034,293.00000000000097,275.82369995117256,205.00000000000063,364.0000000000007,204.9999999999993,7736.9410400390625,359.999999999999
{866},363.9999999999993,292.9999999999994,276.33673095703034,293.00000000000097,275.82369995117256,205.00000000000063,364.0000000000007,204.9999999999993,7736.9410400390625,359.999999999999
{867},363.9999999999993,292.9999999999994,276.33673095703034,293.00000000000097,275.82369995117256,205.00000000000063,364.0000000000007,204.9999999999993,7736.9410400390625,359.999999999999
{868},363.9999999999993,292.9999999999994,276.33673095703034,293.00000000000097,275.82369995117256,205.00000000000063,364.0000000000007,204.9999999999993,7736.9410400390625,359.999999999999
{869},363.9999999999993,292.9999999999994,276.33673095703034,293.00000000000097,275.82369995117256,205.00000000000063,364.0000000000007,204.9999999999993,7736.9410400390625,359.999999999999
{870},363.9999999999993,292.9999999999994,276.33673095703034,293.00000000000097,275.82369995117256,205.00000000000063,364.0000000000007,204.9999999999993,7736.9410400390625,359.999999999999
{871},363.9999999999993,292.9999999999994,276.33673095703034,293.00000000000097,275.82369995117256,205.00000000000063,364.0000000000007,204.9999999999993,7736.9410400390625,359.999999999999
{872},363.9999999999993,292.9999999999994,276.33673095703034,293.00000000000097,275.82369995117256,205.00000000000063,364.0000000000007,204.9999999999993,7736.9410400390625,359.999999999999
{873},363.9999999999993,292.9999999999994,276.33673095703034,293.00000000000097,275.82369995117256,205.00000000000063,364.0000000000007,204.9999999999993,7736.9410400390625,359.999999999999
{874},363.9999999999993,292.9999999999994,276.33673095703034,293.00000000000097,275.82369995117256,205.00000000000063,364.0000000000007,204.9999999999993,7736.9410400390625,359.999999999999
{875},363.9999999999993,292.9999999999994,276.33673095703034,293.00000000000097,275.82369995117256,205.00000000000063,364.0000000000007,204.9999999999993,7736.9410400390625,359.999999999999
{876},363.9999999999993,292.9999999999994,276.33673095703034,293.00000000000097,275.82369995117256,205.00000000000063,364.0000000000007,204.9999999999993,7736.9410400390625,359.999999999999
{877},363.9999999999993,292.9999999999994,276.33673095703034,293.00000000000097,275.82369995117256,205.00000000000063,364.0000000000007,204.9999999999993,7736.9410400390625,359.999999999999
{878},363.9999999999993,292.9999999999994,276.33673095703034,293.00000000000097,275.82369995117256,205.00000000000063,364.0000000000007,204.9999999999993,7736.9410400390625,359.999999999999
{879},363.9999999999993,292.9999999999994,276.33673095703034,293.00000000000097,275.82369995117256,205.00000000000063,364.0000000000007,204.9999999999993,7736.9410400390625,359.999999999999
{880},363.9999999999993,292.9999999999994,276.33673095703034,293.00000000000097,275.82369995117256,205.00000000000063,364.0000000000007,204.9999999999993,7736.9410400390625,359.999999999999
{881},363.9999999999993,292.9999999999994,276.33673095703034,293.00000000000097,275.82369995117256,205.00000000000063,364.0000000000007,204.9999999999993,7736.9410400390625,359.999999999999
{882},363.9999999999993,292.9999999999994,276.33673095703034,293.00000000000097,275.82369995117256,205.00000000000063,364.0000000000007,204.9999999999993,7736.9410400390625,359.999999999999
{883},363.9999999999993,292.9999999999994,276.33673095703034,293.00000000000097,275.82369995117256,205.00000000000063,364.0000000000007,204.9999999999993,7736.9410400390625,359.999999999999
{884},363.9999999999993,292.9999999999994,276.33673095703034,293.00000000000097,275.82369995117256,205.00000000000063,364.0000000000007,204.9999999999993,7736.9410400390625,359.999999999999
{885},363.9999999999993,292.9999999999994,276.33673095703034,293.00000000000097,275.82369995117256,205.00000000000063,364.0000000000007,204.9999999999993,7736.9410400390625,359.999999999999
{886},363.9999999999993,292.9999999999994,276.33673095703034,293.00000000000097,275.82369995117256,205.00000000000063,364.0000000000007,204.9999999999993,7736.9410400390625,359.999999999999
{887},363.9999999999993,292.9999999999994,276.33673095703034,293.00000000000097,275.82369995117256,205.00000000000063,364.0000000000007,204.9999999999993,7736.9410400390625,359.999999999999
{888},363.9999999999993,292.9999999999994,276.33673095703034,293.00000000000097,275.82369995117256,205.00000000000063,364.0000000000007,204.9999999999993,7736.9410400390625,359.999999999999
{889},363.9999999999993,292.9999999999994,276.33673095703034,293.00000000000097,275.82369995117256,205.00000000000063,364.0000000000007,204.9999999999993,7736.9410400390625,359.999999999999
{890},363.9999999999993,292.9999999999994,276.33673095703034,293.00000000000097,275.82369995117256,205.00000000000063,364.0000000000007,204.9999999999993,7736.9410400390625,359.999999999999
{891},363.9999999999993,292.9999999999994,276.33673095703034,293.00000000000097,275.82369995117256,205.00000000000063,364.0000000000007,204.9999999999993,7736.9410400390625,359.999999999999
{892},363.9999999999993,292.9999999999994,276.33673095703034,293.00000000000097,275.82369995117256,205.00000000000063,364.0000000000007,204.9999999999993,7736.9410400390625,359.999999999999
{893},363.9999999999993,292.9999999999994,276.33673095703034,293.00000000000097,275.82369995117256,205.00000000000063,364.0000000000007,204.9999999999993,7736.9410400390625,359.999999999999
{894},363.9999999999993,292.9999999999994,276.33673095703034,293.00000000000097,275.82369995117256,205.00000000000063,364.0000000000007,204.9999999999993,7736.9410400390625,359.999999999999
{895},363.9999999999993,292.9999999999994,276.33673095703034,293.00000000000097,275.82369995117256,205.00000000000063,364.0000000000007,204.9999999999993,7736.9410400390625,359.999999999999
{896},363.9999999999993,292.9999999999994,276.33673095703034,293.00000000000097,275.82369995117256,205.00000000000063,364.0000000000007,204.9999999999993,7736.9410400390625,359.999999999999
{897},363.9999999999993,292.9999999999994,276.33673095703034,293.00000000000097,275.82369995117256,205.00000000000063,364.0000000000007,204.9999999999993,7736.9410400390625,359.999999999999
{898},363.9999999999993,292.9999999999994,276.33673095703034,293.00000000000097,275.82369995117256,205.00000000000063,364.0000000000007,204.9999999999993,7736.9410400390625,359.999999999999
{899},363.9999999999993,292.9999999999994,276.33673095703034,293.00000000000097,275.82369995117256,205.00000000000063,364.0000000000007,204.9999999999993,7736.9410400390625,359.999999999999
{900},363.9999999999993,292.9999999999994,276.33673095703034,293.00000000000097,275.82369995117256,205.00000000000063,364.0000000000007,204.9999999999993,7736.9410400390625,359.999999999999
{901},363.9999999999993,292.9999999999994,276.33673095703034,293.00000000000097,275.82369995117256,205.00000000000063,364.0000000000007,204.9999999999993,7736.9410400390625,359.999999999999
{902},363.9999999999993,292.9999999999994,276.33673095703034,293.00000000000097,275.82369995117256,205.00000000000063,364.0000000000007,204.9999999999993,7736.9410400390625,359.999999999999
{903},363.9999999999993,292.9999999999994,276.33673095703034,293.00000000000097,275.82369995117256,205.00000000000063,364.0000000000007,204.9999999999993,7736.9410400390625,359.999999999999
{904},363.9999999999993,292.9999999999994,276.33673095703034,293.00000000000097,275.82369995117256,205.00000000000063,364.0000000000007,204.9999999999993,7736.9410400390625,359.999999999999
{905},363.9999999999993,292.9999999999994,276.33673095703034,293.00000000000097,275.82369995117256,205.00000000000063,364.0000000000007,204.9999999999993,7736.9410400390625,359.999999999999
{906},363.9999999999993,292.9999999999994,276.33673095703034,293.00000000000097,275.82369995117256,205.00000000000063,364.0000000000007,204.9999999999993,7736.9410400390625,359.999999999999
{907},363.9999999999993,292.9999999999994,276.33673095703034,293.00000000000097,275.82369995117256,205.00000000000063,364.0000000000007,204.9999999999993,7736.9410400390625,359.999999999999
{908},363.9999999999993,292.9999999999994,276.33673095703034,293.00000000000097,275.82369995117256,205.00000000000063,364.0000000000007,204.9999999999993,7736.9410400390625,359.999999999999
{909},363.9999999999993,292.9999999999994,276.33673095703034,293.00000000000097,275.82369995117256,205.00000000000063,364.0000000000007,204.9999999999993,7736.9410400390625,359.999999999999
{910},363.9999999999993,292.9999999999994,276.33673095703034,293.00000000000097,275.82369995117256,205.00000000000063,364.0000000000007,204.9999999999993,7736.9410400390625,359.999999999999
{911},363.9999999999993,292.9999999999994,276.33673095703034,293.00000000000097,275.82369995117256,205.00000000000063,364.0000000000007,204.9999999999993,7736.9410400390625,359.999999999999
{912},363.9999999999993,292.9999999999994,276.33673095703034,293.00000000000097,275.82369995117256,205.00000000000063,364.0000000000007,204.9999999999993,7736.9410400390625,359.999999999999
{913},363.9999999999993,292.9999999999994,276.33673095703034,293.00000000000097,275.82369995117256,205.00000000000063,364.0000000000007,204.9999999999993,7736.9410400390625,359.999999999999
{914},363.9999999999993,292.9999999999994,276.33673095703034,293.00000000000097,275.82369995117256,205.00000000000063,364.0000000000007,204.9999999999993,7736.9410400390625,359.999999999999
{915},363.9999999999993,292.9999999999994,276.33673095703034,293.00000000000097,275.82369995117256,205.00000000000063,364.0000000000007,204.9999999999993,7736.9410400390625,359.999999999999
{916},363.9999999999993,292.9999999999994,276.33673095703034,293.00000000000097,275.82369995117256,205.00000000000063,364.0000000000007,204.9999999999993,7736.9410400390625,359.999999999999
{917},363.9999999999993,292.9999999999994,276.33673095703034,293.00000000000097,275.82369995117256,205.00000000000063,364.0000000000007,204.9999999999993,7736.9410400390625,359.999999999999
{918},363.9999999999993,292.9999999999994,276.33673095703034,293.00000000000097,275.82369995117256,205.00000000000063,364.0000000000007,204.9999999999993,7736.9410400390625,359.999999999999
{919},363.9999999999993,292.9999999999994,276.33673095703034,293.00000000000097,275.82369995117256,205.00000000000063,364.0000000000007,204.9999999999993,7736.9410400390625,359.999999999999
{920},363.9999999999993,292.9999999999994,276.33673095703034,293.00000000000097,275.82369995117256,205.00000000000063,364.0000000000007,204.9999999999993,7736.9410400390625,359.999999999999
{921},363.9999999999993,292.9999999999994,276.33673095703034,293.00000000000097,275.82369995117256,205.00000000000063,364.0000000000007,204.9999999999993,7736.9410400390625,359.999999999999
{922},363.9999999999993,292.9999999999994,276.33673095703034,293.00000000000097,275.82369995117256,205.00000000000063,364.0000000000007,204.9999999999993,7736.9410400390625,359.999999999999
{923},363.9999999999993,292.9999999999994,276.33673095703034,293.00000000000097,275.82369995117256,205.00000000000063,364.0000000000007,204.9999999999993,7736.9410400390625,359.999999999999
{924},363.9999999999993,292.9999999999994,276.33673095703034,293.00000000000097,275.82369995117256,205.00000000000063,364.0000000000007,204.9999999999993,7736.9410400390625,359.999999999999
{925},363.9999999999993,292.9999999999994,276.33673095703034,293.00000000000097,275.82369995117256,205.00000000000063,364.0000000000007,204.9999999999993,7736.9410400390625,359.999999999999
{926},363.9999999999993,292.9999999999994,276.33673095703034,293.00000000000097,275.82369995117256,205.00000000000063,364.0000000000007,204.9999999999993,7736.9410400390625,359.999999999999
{927},363.9999999999993,292.9999999999994,276.33673095703034,293.00000000000097,275.82369995117256,205.00000000000063,364.0000000000007,204.9999999999993,7736.9410400390625,359.999999999999
{928},363.9999999999993,292.9999999999994,276.33673095703034,293.00000000000097,275.82369995117256,205.00000000000063,364.0000000000007,204.9999999999993,7736.9410400390625,359.999999999999
{929},363.9999999999993,292.9999999999994,276.33673095703034,293.00000000000097,275.82369995117256,205.00000000000063,364.0000000000007,204.9999999999993,7736.9410400390625,359.999999999999
{930},363.9999999999993,292.9999999999994,276.33673095703034,293.00000000000097,275.82369995117256,205.00000000000063,364.0000000000007,204.9999999999993,7736.9410400390625,359.999999999999
{931},363.9999999999993,292.9999999999994,276.33673095703034,293.00000000000097,275.82369995117256,205.00000000000063,364.0000000000007,204.9999999999993,7736.9410400390625,359.999999999999
{932},363.9999999999993,292.9999999999994,276.33673095703034,293.00000000000097,275.82369995117256,205.00000000000063,364.0000000000007,204.9999999999993,7736.9410400390625,359.999999999999
{933},363.9999999999993,292.9999999999994,276.33673095703034,293.00000000000097,275.82369995117256,205.00000000000063,364.0000000000007,204.9999999999993,7736.9410400390625,359.999999999999
{934},363.9999999999993,292.9999999999994,276.33673095703034,293.00000000000097,275.82369995117256,205.00000000000063,364.0000000000007,204.9999999999993,7736.9410400390625,359.999999999999
{935},363.9999999999993,292.9999999999994,276.33673095703034,293.00000000000097,275.82369995117256,205.00000000000063,364.0000000000007,204.9999999999993,7736.9410400390625,359.999999999999
{936},363.9999999999993,292.9999999999994,276.33673095703034,293.00000000000097,275.82369995117256,205.00000000000063,364.0000000000007,204.9999999999993,7736.9410400390625,359.999999999999
{937},363.9999999999993,292.9999999999994,276.33673095703034,293.00000000000097,275.82369995117256,205.00000000000063,364.0000000000007,204.9999999999993,7736.9410400390625,359.999999999999
{938},363.9999999999993,292.9999999999994,276.33673095703034,293.00000000000097,275.82369995117256,205.00000000000063,364.0000000000007,204.9999999999993,7736.9410400390625,359.999999999999
{939},363.9999999999993,292.9999999999994,276.33673095703034,293.00000000000097,275.82369995117256,205.00000000000063,364.0000000000007,204.9999999999993,7736.9410400390625,359.999999999999
{940},363.9999999999993,292.9999999999994,276.33673095703034,293.00000000000097,275.82369995117256,205.00000000000063,364.0000000000007,204.9999999999993,7736.9410400390625,359.999999999999
{941},363.9999999999993,292.9999999999994,276.33673095703034,293.00000000000097,275.82369995117256,205.00000000000063,364.0000000000007,204.9999999999993,7736.9410400390625,359.999999999999
{942},363.9999999999993,292.9999999999994,276.33673095703034,293.00000000000097,275.82369995117256,205.00000000000063,364.0000000000007,204.9999999999993,7736.9410400390625,359.999999999999
{943},363.9999999999993,292.9999999999994,276.33673095703034,293.00000000000097,275.82369995117256,205.00000000000063,364.0000000000007,204.9999999999993,7736.9410400390625,359.999999999999
{944},363.9999999999993,292.9999999999994,276.33673095703034,293.00000000000097,275.82369995117256,205.00000000000063,364.0000000000007,204.9999999999993,7736.9410400390625,359.999999999999
{945},363.9999999999993,292.9999999999994,276.33673095703034,293.00000000000097,275.82369995117256,205.00000000000063,364.0000000000007,204.9999999999993,7736.9410400390625,359.999999999999
{946},363.9999999999993,292.9999999999994,276.33673095703034,293.00000000000097,275.82369995117256,205.00000000000063,364.0000000000007,204.9999999999993,7736.9410400390625,359.999999999999
{947},363.9999999999993,292.9999999999994,276.33673095703034,293.00000000000097,275.82369995117256,205.00000000000063,364.0000000000007,204.9999999999993,7736.9410400390625,359.999999999999
{948},363.9999999999993,292.9999999999994,276.33673095703034,293.00000000000097,275.82369995117256,205.00000000000063,364.0000000000007,204.9999999999993,7736.9410400390625,359.999999999999
{949},363.9999999999993,292.9999999999994,276.33673095703034,293.00000000000097,275.82369995117256,205.00000000000063,364.0000000000007,204.9999999999993,7736.9410400390625,359.999999999999
{950},363.9999999999993,292.9999999999994,276.33673095703034,293.00000000000097,275.82369995117256,205.00000000000063,364.0000000000007,204.9999999999993,7736.9410400390625,359.999999999999
{951},363.9999999999993,292.9999999999994,276.33673095703034,293.00000000000097,275.82369995117256,205.00000000000063,364.0000000000007,204.9999999999993,7736.9410400390625,359.999999999999
{952},363.9999999999993,292.9999999999994,276.33673095703034,293.00000000000097,275.82369995117256,205.00000000000063,364.0000000000007,204.9999999999993,7736.9410400390625,359.999999999999
{953},363.9999999999993,292.9999999999994,276.33673095703034,293.00000000000097,275.82369995117256,205.00000000000063,364.0000000000007,204.9999999999993,7736.9410400390625,359.999999999999
{954},363.9999999999993,292.9999999999994,276.33673095703034,293.00000000000097,275.82369995117256,205.00000000000063,364.0000000000007,204.9999999999993,7736.9410400390625,359.999999999999
{955},363.9999999999993,292.9999999999994,276.33673095703034,293.00000000000097,275.82369995117256,205.00000000000063,364.0000000000007,204.9999999999993,7736.9410400390625,359.999999999999
{956},363.9999999999993,292.9999999999994,276.33673095703034,293.00000000000097,275.82369995117256,205.00000000000063,364.0000000000007,204.9999999999993,7736.9410400390625,359.999999999999
{957},363.9999999999993,292.9999999999994,276.33673095703034,293.00000000000097,275.82369995117256,205.00000000000063,364.0000000000007,204.9999999999993,7736.9410400390625,359.999999999999
{958},363.9999999999993,292.9999999999994,276.33673095703034,293.00000000000097,275.82369995117256,205.00000000000063,364.0000000000007,204.9999999999993,7736.9410400390625,359.999999999999
{959},363.9999999999993,292.9999999999994,276.33673095703034,293.00000000000097,275.82369995117256,205.00000000000063,364.0000000000007,204.9999999999993,7736.9410400390625,359.999999999999
{960},363.9999999999993,292.9999999999994,276.33673095703034,293.00000000000097,275.82369995117256,205.00000000000063,364.0000000000007,204.9999999999993,7736.9410400390625,359.999999999999
{961},363.9999999999993,292.9999999999994,276.33673095703034,293.00000000000097,275.82369995117256,205.00000000000063,364.0000000000007,204.9999999999993,7736.9410400390625,359.999999999999
{962},363.9999999999993,292.9999999999994,276.33673095703034,293.00000000000097,275.82369995117256,205.00000000000063,364.0000000000007,204.9999999999993,7736.9410400390625,359.999999999999
{963},363.9999999999993,292.9999999999994,276.33673095703034,293.00000000000097,275.82369995117256,205.00000000000063,364.0000000000007,204.9999999999993,7736.9410400390625,359.999999999999
{964},363.9999999999993,292.9999999999994,276.33673095703034,293.00000000000097,275.82369995117256,205.00000000000063,364.0000000000007,204.9999999999993,7736.9410400390625,359.999999999999
{965},363.9999999999993,292.9999999999994,276.33673095703034,293.00000000000097,275.82369995117256,205.00000000000063,364.0000000000007,204.9999999999993,7736.9410400390625,359.999999999999
{966},363.9999999999993,292.9999999999994,276.33673095703034,293.00000000000097,275.82369995117256,205.00000000000063,364.0000000000007,204.9999999999993,7736.9410400390625,359.999999999999
{967},363.9999999999993,292.9999999999994,276.33673095703034,293.00000000000097,275.82369995117256,205.00000000000063,364.0000000000007,204.9999999999993,7736.9410400390625,359.999999999999
{968},363.9999999999993,292.9999999999994,276.33673095703034,293.00000000000097,275.82369995117256,205.00000000000063,364.0000000000007,204.9999999999993,7736.9410400390625,359.999999999999
{969},363.9999999999993,292.9999999999994,276.33673095703034,293.00000000000097,275.82369995117256,205.00000000000063,364.0000000000007,204.9999999999993,7736.9410400390625,359.999999999999
{970},363.9999999999993,292.9999999999994,276.33673095703034,293.00000000000097,275.82369995117256,205.00000000000063,364.0000000000007,204.9999999999993,7736.9410400390625,359.999999999999
{971},363.9999999999993,292.9999999999994,276.33673095703034,293.00000000000097,275.82369995117256,205.00000000000063,364.0000000000007,204.9999999999993,7736.9410400390625,359.999999999999
{972},363.9999999999993,292.9999999999994,276.33673095703034,293.00000000000097,275.82369995117256,205.00000000000063,364.0000000000007,204.9999999999993,7736.9410400390625,359.999999999999
{973},363.9999999999993,292.9999999999994,276.33673095703034,293.00000000000097,275.82369995117256,205.00000000000063,364.0000000000007,204.9999999999993,7736.9410400390625,359.999999999999
{974},363.9999999999993,292.9999999999994,276.33673095703034,293.00000000000097,275.82369995117256,205.00000000000063,364.0000000000007,204.9999999999993,7736.9410400390625,359.999999999999
{975},363.9999999999993,292.9999999999994,276.33673095703034,293.00000000000097,275.82369995117256,205.00000000000063,364.0000000000007,204.9999999999993,7736.9410400390625,359.999999999999
{976},363.9999999999993,292.9999999999994,276.33673095703034,293.00000000000097,275.82369995117256,205.00000000000063,364.0000000000007,204.9999999999993,7736.9410400390625,359.999999999999
{977},363.9999999999993,292.9999999999994,276.33673095703034,293.00000000000097,275.82369995117256,205.00000000000063,364.0000000000007,204.9999999999993,7736.9410400390625,359.999999999999
{978},363.9999999999993,292.9999999999994,276.33673095703034,293.00000000000097,275.82369995117256,205.00000000000063,364.0000000000007,204.9999999999993,7736.9410400390625,359.999999999999
{979},363.9999999999993,292.9999999999994,276.33673095703034,293.00000000000097,275.82369995117256,205.00000000000063,364.0000000000007,204.9999999999993,7736.9410400390625,359.999999999999
{980},363.9999999999993,292.9999999999994,276.33673095703034,293.00000000000097,275.82369995117256,205.00000000000063,364.0000000000007,204.9999999999993,7736.9410400390625,359.999999999999
{981},363.9999999999993,292.9999999999994,276.33673095703034,293.00000000000097,275.82369995117256,205.00000000000063,364.0000000000007,204.9999999999993,7736.9410400390625,359.999999999999
{982},363.9999999999993,292.9999999999994,276.33673095703034,293.00000000000097,275.82369995117256,205.00000000000063,364.0000000000007,204.9999999999993,7736.9410400390625,359.999999999999
{983},363.9999999999993,292.9999999999994,276.33673095703034,293.00000000000097,275.82369995117256,205.00000000000063,364.0000000000007,204.9999999999993,7736.9410400390625,359.999999999999
{984},363.9999999999993,292.9999999999994,276.33673095703034,293.00000000000097,275.82369995117256,205.00000000000063,364.0000000000007,204.9999999999993,7736.9410400390625,359.999999999999
{985},363.9999999999993,292.9999999999994,276.33673095703034,293.00000000000097,275.82369995117256,205.00000000000063,364.0000000000007,204.9999999999993,7736.9410400390625,359.999999999999
{986},363.9999999999993,292.9999999999994,276.33673095703034,293.00000000000097,275.82369995117256,205.00000000000063,364.0000000000007,204.9999999999993,7736.9410400390625,359.999999999999
{987},363.9999999999993,292.9999999999994,276.33673095703034,293.00000000000097,275.82369995117256,205.00000000000063,364.0000000000007,204.9999999999993,7736.9410400390625,359.999999999999
{988},363.9999999999993,292.9999999999994,276.33673095703034,293.00000000000097,275.82369995117256,205.00000000000063,364.0000000000007,204.9999999999993,7736.9410400390625,359.999999999999
{989},363.9999999999993,292.9999999999994,276.33673095703034,293.00000000000097,275.82369995117256,205.00000000000063,364.0000000000007,204.9999999999993,7736.9410400390625,359.999999999999
{990},363.9999999999993,292.9999999999994,276.33673095703034,293.00000000000097,275.82369995117256,205.00000000000063,364.0000000000007,204.9999999999993,7736.9410400390625,359.999999999999
{991},363.9999999999993,292.9999999999994,276.33673095703034,293.00000000000097,275.82369995117256,205.00000000000063,364.0000000000007,204.9999999999993,7736.9410400390625,359.999999999999
{992},363.9999999999993,292.9999999999994,276.33673095703034,293.00000000000097,275.82369995117256,205.00000000000063,364.0000000000007,204.9999999999993,7736.9410400390625,359.999999999999
{993},363.9999999999993,292.9999999999994,276.33673095703034,293.00000000000097,275.82369995117256,205.00000000000063,364.0000000000007,204.9999999999993,7736.9410400390625,359.999999999999
{994},363.9999999999993,292.9999999999994,276.33673095703034,293.00000000000097,275.82369995117256,205.00000000000063,364.0000000000007,204.9999999999993,7736.9410400390625,359.999999999999
{995},363.9999999999993,292.9999999999994,276.33673095703034,293.00000000000097,275.82369995117256,205.00000000000063,364.0000000000007,204.9999999999993,7736.9410400390625,359.999999999999
{996},363.9999999999993,292.9999999999994,276.33673095703034,293.00000000000097,275.82369995117256,205.00000000000063,364.0000000000007,204.9999999999993,7736.9410400390625,359.999999999999
{997},363.9999999999993,292.9999999999994,276.33673095703034,293.00000000000097,275.82369995117256,205.00000000000063,364.0000000000007,204.9999999999993,7736.9410400390625,359.999999999999
{998},363.9999999999993,292.9999999999994,276.33673095703034,293.00000000000097,275.82369995117256,205.00000000000063,364.0000000000007,204.9999999999993,7736.9410400390625,359.999999999999
{999},363.9999999999993,292.9999999999994,276.33673095703034,293.00000000000097,275.82369995117256,205.00000000000063,364.0000000000007,204.9999999999993,7736.9410400390625,359.999999999999
{1000},363.9999999999993,292.9999999999994,276.33673095703034,293.00000000000097,275.82369995117256,205.00000000000063,364.0000000000007,204.9999999999993,7736.9410400390625,359.999999999999
{1001},363.9999999999993,292.9999999999994,276.33673095703034,293.00000000000097,275.82369995117256,205.00000000000063,364.0000000000007,204.9999999999993,7736.9410400390625,359.999999999999
{1002},363.9999999999993,292.9999999999994,276.33673095703034,293.00000000000097,275.82369995117256,205.00000000000063,364.0000000000007,204.9999999999993,7736.9410400390625,359.999999999999
{1003},363.9999999999993,292.9999999999994,276.33673095703034,293.00000000000097,275.82369995117256,205.00000000000063,364.0000000000007,204.9999999999993,7736.9410400390625,359.999999999999
{1004},363.9999999999993,292.9999999999994,276.33673095703034,293.00000000000097,275.82369995117256,205.00000000000063,364.0000000000007,204.9999999999993,7736.9410400390625,359.999999999999
{1005},363.9999999999993,292.9999999999994,276.33673095703034,293.00000000000097,275.82369995117256,205.00000000000063,364.0000000000007,204.9999999999993,7736.9410400390625,359.999999999999
{1006},363.9999999999993,292.9999999999994,276.33673095703034,293.00000000000097,275.82369995117256,205.00000000000063,364.0000000000007,204.9999999999993,7736.9410400390625,359.999999999999
{1007},363.9999999999993,292.9999999999994,276.33673095703034,293.00000000000097,275.82369995117256,205.00000000000063,364.0000000000007,204.9999999999993,7736.9410400390625,359.999999999999
{1008},363.9999999999993,292.9999999999994,276.33673095703034,293.00000000000097,275.82369995117256,205.00000000000063,364.0000000000007,204.9999999999993,7736.9410400390625,359.999999999999
{1009},363.9999999999993,292.9999999999994,276.33673095703034,293.00000000000097,275.82369995117256,205.00000000000063,364.0000000000007,204.9999999999993,7736.9410400390625,359.999999999999
{1010},363.9999999999993,292.9999999999994,276.33673095703034,293.00000000000097,275.82369995117256,205.00000000000063,364.0000000000007,204.9999999999993,7736.9410400390625,359.999999999999
{1011},363.9999999999993,292.9999999999994,276.33673095703034,293.00000000000097,275.82369995117256,205.00000000000063,364.0000000000007,204.9999999999993,7736.9410400390625,359.999999999999
{1012},363.9999999999993,292.9999999999994,276.33673095703034,293.00000000000097,275.82369995117256,205.00000000000063,364.0000000000007,204.9999999999993,7736.9410400390625,359.999999999999
{1013},363.9999999999993,292.9999999999994,276.33673095703034,293.00000000000097,275.82369995117256,205.00000000000063,364.0000000000007,204.9999999999993,7736.9410400390625,359.999999999999
{1014},363.9999999999993,292.9999999999994,276.33673095703034,293.00000000000097,275.82369995117256,205.00000000000063,364.0000000000007,204.9999999999993,7736.9410400390625,359.999999999999
{1015},363.9999999999993,292.9999999999994,276.33673095703034,293.00000000000097,275.82369995117256,205.00000000000063,364.0000000000007,204.9999999999993,7736.9410400390625,359.999999999999
{1016},363.9999999999993,292.9999999999994,276.33673095703034,293.00000000000097,275.82369995117256,205.00000000000063,364.0000000000007,204.9999999999993,7736.9410400390625,359.999999999999
{1017},363.9999999999993,292.9999999999994,276.33673095703034,293.00000000000097,275.82369995117256,205.00000000000063,364.0000000000007,204.9999999999993,7736.9410400390625,359.999999999999
{1018},363.9999999999993,292.9999999999994,276.33673095703034,293.00000000000097,275.82369995117256,205.00000000000063,364.0000000000007,204.9999999999993,7736.9410400390625,359.999999999999
{1019},363.9999999999993,292.9999999999994,276.33673095703034,293.00000000000097,275.82369995117256,205.00000000000063,364.0000000000007,204.9999999999993,7736.9410400390625,359.999999999999
{1020},363.9999999999993,292.9999999999994,276.33673095703034,293.00000000000097,275.82369995117256,205.00000000000063,364.0000000000007,204.9999999999993,7736.9410400390625,359.999999999999
{1021},363.9999999999993,292.9999999999994,276.33673095703034,293.00000000000097,275.82369995117256,205.00000000000063,364.0000000000007,204.9999999999993,7736.9410400390625,359.999999999999
{1022},363.9999999999993,292.9999999999994,276.33673095703034,293.00000000000097,275.82369995117256,205.00000000000063,364.0000000000007,204.9999999999993,7736.9410400390625,359.999999999999
{1023},363.9999999999993,292.9999999999994,276.33673095703034,293.00000000000097,275.82369995117256,205.00000000000063,364.0000000000007,204.9999999999993,7736.9410400390625,359.999999999999
{1024},363.9999999999993,292.9999999999994,276.33673095703034,293.00000000000097,275.82369995117256,205.00000000000063,364.0000000000007,204.9999999999993,7736.9410400390625,359.999999999999
